LINE 4100 4101
LINE 4101 4102
LINE 4102 4103
LINE 4103 4104
LINE 4104 4105
LINE 4105 4106
LINE 4106 4107
LINE 4107 4108
LINE 4108 4109
LINE 4200 4201
LINE 4201 4202
LINE 4202 4203
LINE 4203 4204
LINE 4204 4205
LINE 4205 4206
LINE 4206 4207
LINE 4207 4208
LINE 4208 4209
LINE 4300 4301
LINE 4301 4302
LINE 4302 4303
LINE 4303 4304
LINE 4304 4305
LINE 4305 4306
LINE 4306 4307
LINE 4307 4308
LINE 4308 4309
LINE 4400 4401
LINE 4401 4402
LINE 4402 4403
LINE 4403 4404
LINE 4404 4405
LINE 4405 4406
LINE 4406 4407
LINE 4407 4408
LINE 4408 4409
LINE 4500 4501
LINE 4501 4502
LINE 4502 4503
LINE 4503 4504
LINE 4504 4505
LINE 4505 4506
LINE 4506 4507
LINE 4507 4508
LINE 4508 4509
LINE 4600 4601
LINE 4601 4602
LINE 4602 4603
LINE 4603 4604
LINE 4604 4605
LINE 4605 4606
LINE 4606 4607
LINE 4607 4608
LINE 4608 4609
LINE 4700 4701
LINE 4701 4702
LINE 4702 4703
LINE 4703 4704
LINE 4704 4705
LINE 4705 4706
LINE 4706 4707
LINE 4707 4708
LINE 4708 4709
LINE 4800 4801
LINE 4801 4802
LINE 4802 4803
LINE 4803 4804
LINE 4804 4805
LINE 4805 4806
LINE 4806 4807
LINE 4807 4808
LINE 4808 4809
LINE 4109 41010
LINE 41010 41011
LINE 41011 41012
LINE 41012 41013
LINE 41013 41014
LINE 41014 41015
LINE 41015 41016
LINE 41016 41017
LINE 41017 41018
LINE 41018 41019
LINE 41019 41020
LINE 41020 41021
LINE 41021 41022
LINE 41022 41023
LINE 41023 41024
LINE 41024 41025
LINE 41025 41026
LINE 41026 41027
LINE 41027 41028
LINE 41028 41029
LINE 41029 41030
LINE 41030 41031
LINE 41031 41032
LINE 41032 41033
LINE 41033 41034
LINE 4209 42010
LINE 42010 42011
LINE 42011 42012
LINE 42012 42013
LINE 42013 42014
LINE 42014 42015
LINE 42015 42016
LINE 42016 42017
LINE 42017 42018
LINE 42018 42019
LINE 42019 42020
LINE 42020 42021
LINE 42021 42022
LINE 42022 42023
LINE 42023 42024
LINE 42024 42025
LINE 42025 42026
LINE 42026 42027
LINE 42027 42028
LINE 42028 42029
LINE 42029 42030
LINE 42030 42031
LINE 42031 42032
LINE 42032 42033
LINE 42033 42034
LINE 4309 43010
LINE 43010 43011
LINE 43011 43012
LINE 43012 43013
LINE 43013 43014
LINE 43014 43015
LINE 43015 43016
LINE 43016 43017
LINE 43017 43018
LINE 43018 43019
LINE 43019 43020
LINE 43020 43021
LINE 43021 43022
LINE 43022 43023
LINE 43023 43024
LINE 43024 43025
LINE 43025 43026
LINE 43026 43027
LINE 43027 43028
LINE 43028 43029
LINE 43029 43030
LINE 43030 43031
LINE 43031 43032
LINE 43032 43033
LINE 43033 43034
LINE 4409 44010
LINE 44010 44011
LINE 44011 44012
LINE 44012 44013
LINE 44013 44014
LINE 44014 44015
LINE 44015 44016
LINE 44016 44017
LINE 44017 44018
LINE 44018 44019
LINE 44019 44020
LINE 44020 44021
LINE 44021 44022
LINE 44022 44023
LINE 44023 44024
LINE 44024 44025
LINE 44025 44026
LINE 44026 44027
LINE 44027 44028
LINE 44028 44029
LINE 44029 44030
LINE 44030 44031
LINE 44031 44032
LINE 44032 44033
LINE 44033 44034
LINE 4509 45010
LINE 45010 45011
LINE 45011 45012
LINE 45012 45013
LINE 45013 45014
LINE 45014 45015
LINE 45015 45016
LINE 45016 45017
LINE 45017 45018
LINE 45018 45019
LINE 45019 45020
LINE 45020 45021
LINE 45021 45022
LINE 45022 45023
LINE 45023 45024
LINE 45024 45025
LINE 45025 45026
LINE 45026 45027
LINE 45027 45028
LINE 45028 45029
LINE 45029 45030
LINE 45030 45031
LINE 45031 45032
LINE 45032 45033
LINE 45033 45034
LINE 4609 46010
LINE 46010 46011
LINE 46011 46012
LINE 46012 46013
LINE 46013 46014
LINE 46014 46015
LINE 46015 46016
LINE 46016 46017
LINE 46017 46018
LINE 46018 46019
LINE 46019 46020
LINE 46020 46021
LINE 46021 46022
LINE 46022 46023
LINE 46023 46024
LINE 46024 46025
LINE 46025 46026
LINE 46026 46027
LINE 46027 46028
LINE 46028 46029
LINE 46029 46030
LINE 46030 46031
LINE 46031 46032
LINE 46032 46033
LINE 46033 46034
LINE 4709 47010
LINE 47010 47011
LINE 47011 47012
LINE 47012 47013
LINE 47013 47014
LINE 47014 47015
LINE 47015 47016
LINE 47016 47017
LINE 47017 47018
LINE 47018 47019
LINE 47019 47020
LINE 47020 47021
LINE 47021 47022
LINE 47022 47023
LINE 47023 47024
LINE 47024 47025
LINE 47025 47026
LINE 47026 47027
LINE 47027 47028
LINE 47028 47029
LINE 47029 47030
LINE 47030 47031
LINE 47031 47032
LINE 47032 47033
LINE 47033 47034
LINE 4809 48010
LINE 48010 48011
LINE 48011 48012
LINE 48012 48013
LINE 48013 48014
LINE 48014 48015
LINE 48015 48016
LINE 48016 48017
LINE 48017 48018
LINE 48018 48019
LINE 48019 48020
LINE 48020 48021
LINE 48021 48022
LINE 48022 48023
LINE 48023 48024
LINE 48024 48025
LINE 48025 48026
LINE 48026 48027
LINE 48027 48028
LINE 48028 48029
LINE 48029 48030
LINE 48030 48031
LINE 48031 48032
LINE 48032 48033
LINE 48033 48034
PANEL 200 100 201 101
PANEL 201 101 202 102
PANEL 202 102 203 103
PANEL 203 103 204 104
PANEL 204 104 205 105
PANEL 205 105 206 106
PANEL 206 106 207 107
PANEL 207 107 208 108
PANEL 208 108 209 109
LINE 102 502
LINE 104 504
LINE 106 506
LINE 108 508
LINE 1010 5010
LINE 1012 5012
LINE 1014 5014
LINE 1016 5016
LINE 1018 5018
LINE 202 302
LINE 204 304
LINE 206 306
LINE 208 308
LINE 2010 3010
LINE 2012 3012
LINE 2014 3014
LINE 2016 3016
LINE 2018 3018
PANEL 400 300 401 301
PANEL 401 301 402 302
PANEL 402 302 403 303
PANEL 403 303 404 304
PANEL 404 304 405 305
PANEL 405 305 406 306
PANEL 406 306 407 307
PANEL 407 307 408 308
PANEL 408 308 409 309
LINE 501 601
LINE 502 602
LINE 503 603
LINE 504 604
LINE 505 605
LINE 506 606
LINE 507 607
LINE 508 608
LINE 509 609
PANEL 700 600 701 601
PANEL 701 601 702 602
PANEL 702 602 703 603
PANEL 703 603 704 604
PANEL 704 604 705 605
PANEL 705 605 706 606
PANEL 706 606 707 607
PANEL 707 607 708 608
PANEL 708 608 709 609
PANEL 800 900 801 901
PANEL 801 901 802 902
PANEL 802 902 803 903
PANEL 803 903 804 904
PANEL 804 904 805 905
PANEL 805 905 806 906
PANEL 806 906 807 907
PANEL 807 907 808 908
PANEL 808 908 809 909
PANEL 209 109 2010 1010
PANEL 2010 1010 2011 1011
PANEL 2011 1011 2012 1012
PANEL 2012 1012 2013 1013
PANEL 2013 1013 2014 1014
PANEL 2014 1014 2015 1015
PANEL 2015 1015 2016 1016
PANEL 2016 1016 2017 1017
PANEL 2017 1017 2018 1018
PANEL 2018 1018 2019 1019
PANEL 2019 1019 2020 1020
PANEL 2020 1020 2021 1021
PANEL 2021 1021 2022 1022
PANEL 2022 1022 2023 1023
PANEL 2023 1023 2024 1024
PANEL 2024 1024 2025 1025
PANEL 2025 1025 2026 1026
PANEL 2026 1026 2027 1027
PANEL 2027 1027 2028 1028
PANEL 2028 1028 2029 1029
PANEL 2029 1029 2030 1030
PANEL 2030 1030 2031 1031
PANEL 2031 1031 2032 1032
PANEL 2032 1032 2033 1033
PANEL 2033 1033 2034 1034
LINE 1020 5020
LINE 1022 5022
LINE 1024 5024
LINE 1026 5026
LINE 1028 5028
LINE 1030 5030
LINE 1032 5032
LINE 1034 5034
LINE 2020 3020
LINE 2022 3022
LINE 2024 3024
LINE 2026 3026
LINE 2028 3028
LINE 2030 3030
LINE 2032 3032
LINE 2034 3034
PANEL 409 309 4010 3010
PANEL 4010 3010 4011 3011
PANEL 4011 3011 4012 3012
PANEL 4012 3012 4013 3013
PANEL 4013 3013 4014 3014
PANEL 4014 3014 4015 3015
PANEL 4015 3015 4016 3016
PANEL 4016 3016 4017 3017
PANEL 4017 3017 4018 3018
PANEL 4018 3018 4019 3019
PANEL 4019 3019 4020 3020
PANEL 4020 3020 4021 3021
PANEL 4021 3021 4022 3022
PANEL 4022 3022 4023 3023
PANEL 4023 3023 4024 3024
PANEL 4024 3024 4025 3025
PANEL 4025 3025 4026 3026
PANEL 4026 3026 4027 3027
PANEL 4027 3027 4028 3028
PANEL 4028 3028 4029 3029
PANEL 4029 3029 4030 3030
PANEL 4030 3030 4031 3031
PANEL 4031 3031 4032 3032
PANEL 4032 3032 4033 3033
PANEL 4033 3033 4034 3034
LINE 402 1002
LINE 404 1004
LINE 406 1006
LINE 408 1008
LINE 4010 10010
LINE 4012 10012
LINE 4014 10014
LINE 4016 10016
LINE 4018 10018
LINE 402 4502
LINE 404 4504
LINE 406 4506
LINE 408 4508
LINE 4010 45010
LINE 4012 45012
LINE 4014 45014
LINE 4016 45016
LINE 4018 45018
LINE 4102 102
LINE 4104 104
LINE 4106 106
LINE 4108 108
LINE 41010 1010
LINE 41012 1012
LINE 41014 1014
LINE 41016 1016
LINE 41018 1018
LINE 4202 502
LINE 4204 504
LINE 4206 506
LINE 4208 508
LINE 42010 5010
LINE 42012 5012
LINE 42014 5014
LINE 42016 5016
LINE 42018 5018
PANEL 500 1100 501 1101
PANEL 501 1101 502 1102
PANEL 502 1102 503 1103
PANEL 503 1103 504 1104
PANEL 504 1104 505 1105
PANEL 505 1105 506 1106
PANEL 506 1106 507 1107
PANEL 507 1107 508 1108
PANEL 508 1108 509 1109
LINE 5010 6010
LINE 5011 6011
LINE 5012 6012
LINE 5013 6013
LINE 5014 6014
LINE 5015 6015
LINE 5016 6016
LINE 5017 6017
LINE 5018 6018
LINE 5019 6019
LINE 5020 6020
LINE 5021 6021
LINE 5022 6022
LINE 5023 6023
LINE 5024 6024
LINE 5025 6025
LINE 5026 6026
LINE 5027 6027
LINE 5028 6028
LINE 5029 6029
LINE 5030 6030
LINE 5031 6031
LINE 5032 6032
LINE 5033 6033
LINE 5034 6034
LINE 702 1302
LINE 704 1304
LINE 706 1306
LINE 708 1308
LINE 7010 13010
LINE 7012 13012
LINE 7014 13014
LINE 7016 13016
LINE 7018 13018
PANEL 709 609 7010 6010
PANEL 7010 6010 7011 6011
PANEL 7011 6011 7012 6012
PANEL 7012 6012 7013 6013
PANEL 7013 6013 7014 6014
PANEL 7014 6014 7015 6015
PANEL 7015 6015 7016 6016
PANEL 7016 6016 7017 6017
PANEL 7017 6017 7018 6018
PANEL 7018 6018 7019 6019
PANEL 7019 6019 7020 6020
PANEL 7020 6020 7021 6021
PANEL 7021 6021 7022 6022
PANEL 7022 6022 7023 6023
PANEL 7023 6023 7024 6024
PANEL 7024 6024 7025 6025
PANEL 7025 6025 7026 6026
PANEL 7026 6026 7027 6027
PANEL 7027 6027 7028 6028
PANEL 7028 6028 7029 6029
PANEL 7029 6029 7030 6030
PANEL 7030 6030 7031 6031
PANEL 7031 6031 7032 6032
PANEL 7032 6032 7033 6033
PANEL 7033 6033 7034 6034
LINE 802 1402
LINE 804 1404
LINE 806 1406
LINE 808 1408
LINE 8010 14010
LINE 8012 14012
LINE 8014 14014
LINE 8016 14016
LINE 8018 14018
PANEL 809 909 8010 9010
PANEL 8010 9010 8011 9011
PANEL 8011 9011 8012 9012
PANEL 8012 9012 8013 9013
PANEL 8013 9013 8014 9014
PANEL 8014 9014 8015 9015
PANEL 8015 9015 8016 9016
PANEL 8016 9016 8017 9017
PANEL 8017 9017 8018 9018
PANEL 8018 9018 8019 9019
PANEL 8019 9019 8020 9020
PANEL 8020 9020 8021 9021
PANEL 8021 9021 8022 9022
PANEL 8022 9022 8023 9023
PANEL 8023 9023 8024 9024
PANEL 8024 9024 8025 9025
PANEL 8025 9025 8026 9026
PANEL 8026 9026 8027 9027
PANEL 8027 9027 8028 9028
PANEL 8028 9028 8029 9029
PANEL 8029 9029 8030 9030
PANEL 8030 9030 8031 9031
PANEL 8031 9031 8032 9032
PANEL 8032 9032 8033 9033
PANEL 8033 9033 8034 9034
LINE 901 1001
LINE 902 1002
LINE 903 1003
LINE 904 1004
LINE 905 1005
LINE 906 1006
LINE 907 1007
LINE 908 1008
LINE 909 1009
PANEL 1000 1600 1001 1601
PANEL 1001 1601 1002 1602
PANEL 1002 1602 1003 1603
PANEL 1003 1603 1004 1604
PANEL 1004 1604 1005 1605
PANEL 1005 1605 1006 1606
PANEL 1006 1606 1007 1607
PANEL 1007 1607 1008 1608
PANEL 1008 1608 1009 1609
LINE 1002 4602
LINE 1004 4604
LINE 1006 4606
LINE 1008 4608
LINE 10010 46010
LINE 10012 46012
LINE 10014 46014
LINE 10016 46016
LINE 10018 46018
LINE 1101 1201
LINE 1102 1202
LINE 1103 1203
LINE 1104 1204
LINE 1105 1205
LINE 1106 1206
LINE 1107 1207
LINE 1108 1208
LINE 1109 1209
LINE 1102 1702
LINE 1104 1704
LINE 1106 1706
LINE 1108 1708
LINE 11010 17010
LINE 11012 17012
LINE 11014 17014
LINE 11016 17016
LINE 11018 17018
PANEL 1300 1200 1301 1201
PANEL 1301 1201 1302 1202
PANEL 1302 1202 1303 1203
PANEL 1303 1203 1304 1204
PANEL 1304 1204 1305 1205
PANEL 1305 1205 1306 1206
PANEL 1306 1206 1307 1207
PANEL 1307 1207 1308 1208
PANEL 1308 1208 1309 1209
PANEL 1400 1500 1401 1501
PANEL 1401 1501 1402 1502
PANEL 1402 1502 1403 1503
PANEL 1403 1503 1404 1504
PANEL 1404 1504 1405 1505
PANEL 1405 1505 1406 1506
PANEL 1406 1506 1407 1507
PANEL 1407 1507 1408 1508
PANEL 1408 1508 1409 1509
LINE 1501 1601
LINE 1502 1602
LINE 1503 1603
LINE 1504 1604
LINE 1505 1605
LINE 1506 1606
LINE 1507 1607
LINE 1508 1608
LINE 1509 1609
LINE 1602 2002
LINE 1604 2004
LINE 1606 2006
LINE 1608 2008
LINE 16010 20010
LINE 16012 20012
LINE 16014 20014
LINE 16016 20016
LINE 16018 20018
LINE 1602 4702
LINE 1604 4704
LINE 1606 4706
LINE 1608 4708
LINE 16010 47010
LINE 16012 47012
LINE 16014 47014
LINE 16016 47016
LINE 16018 47018
PANEL 1800 1700 1801 1701
PANEL 1801 1701 1802 1702
PANEL 1802 1702 1803 1703
PANEL 1803 1703 1804 1704
PANEL 1804 1704 1805 1705
PANEL 1805 1705 1806 1706
PANEL 1806 1706 1807 1707
PANEL 1807 1707 1808 1708
PANEL 1808 1708 1809 1709
LINE 1802 1902
LINE 1804 1904
LINE 1806 1906
LINE 1808 1908
LINE 18010 19010
LINE 18012 19012
LINE 18014 19014
LINE 18016 19016
LINE 18018 19018
PANEL 1900 2000 1901 2001
PANEL 1901 2001 1902 2002
PANEL 1902 2002 1903 2003
PANEL 1903 2003 1904 2004
PANEL 1904 2004 1905 2005
PANEL 1905 2005 1906 2006
PANEL 1906 2006 1907 2007
PANEL 1907 2007 1908 2008
PANEL 1908 2008 1909 2009
LINE 2002 4802
LINE 2004 4804
LINE 2006 4806
LINE 2008 4808
LINE 20010 48010
LINE 20012 48012
LINE 20014 48014
LINE 20016 48016
LINE 20018 48018
LINE 4020 10020
LINE 4022 10022
LINE 4024 10024
LINE 4026 10026
LINE 4028 10028
LINE 4030 10030
LINE 4032 10032
LINE 4034 10034
LINE 4020 45020
LINE 4022 45022
LINE 4024 45024
LINE 4026 45026
LINE 4028 45028
LINE 4030 45030
LINE 4032 45032
LINE 4034 45034
LINE 41020 1020
LINE 41022 1022
LINE 41024 1024
LINE 41026 1026
LINE 41028 1028
LINE 41030 1030
LINE 41032 1032
LINE 41034 1034
LINE 4102 4202
LINE 4104 4204
LINE 4106 4206
LINE 4108 4208
LINE 41010 42010
LINE 41012 42012
LINE 41014 42014
LINE 41016 42016
LINE 41018 42018
LINE 4202 4302
LINE 4204 4304
LINE 4206 4306
LINE 4208 4308
LINE 42010 43010
LINE 42012 43012
LINE 42014 43014
LINE 42016 43016
LINE 42018 43018
LINE 42020 5020
LINE 42022 5022
LINE 42024 5024
LINE 42026 5026
LINE 42028 5028
LINE 42030 5030
LINE 42032 5032
LINE 42034 5034
LINE 4302 1102
LINE 4304 1104
LINE 4306 1106
LINE 4308 1108
LINE 43010 11010
LINE 43012 11012
LINE 43014 11014
LINE 43016 11016
LINE 43018 11018
LINE 4302 4402
LINE 4304 4404
LINE 4306 4406
LINE 4308 4408
LINE 43010 44010
LINE 43012 44012
LINE 43014 44014
LINE 43016 44016
LINE 43018 44018
LINE 4402 1702
LINE 4404 1704
LINE 4406 1706
LINE 4408 1708
LINE 44010 17010
LINE 44012 17012
LINE 44014 17014
LINE 44016 17016
LINE 44018 17018
LINE 4502 4602
LINE 4504 4604
LINE 4506 4606
LINE 4508 4608
LINE 45010 46010
LINE 45012 46012
LINE 45014 46014
LINE 45016 46016
LINE 45018 46018
LINE 4602 4702
LINE 4604 4704
LINE 4606 4706
LINE 4608 4708
LINE 46010 47010
LINE 46012 47012
LINE 46014 47014
LINE 46016 47016
LINE 46018 47018
LINE 4702 4802
LINE 4704 4804
LINE 4706 4806
LINE 4708 4808
LINE 47010 48010
LINE 47012 48012
LINE 47014 48014
LINE 47016 48016
LINE 47018 48018
PANEL 509 1109 5010 11010
PANEL 5010 11010 5011 11011
PANEL 5011 11011 5012 11012
PANEL 5012 11012 5013 11013
PANEL 5013 11013 5014 11014
PANEL 5014 11014 5015 11015
PANEL 5015 11015 5016 11016
PANEL 5016 11016 5017 11017
PANEL 5017 11017 5018 11018
PANEL 5018 11018 5019 11019
PANEL 5019 11019 5020 11020
PANEL 5020 11020 5021 11021
PANEL 5021 11021 5022 11022
PANEL 5022 11022 5023 11023
PANEL 5023 11023 5024 11024
PANEL 5024 11024 5025 11025
PANEL 5025 11025 5026 11026
PANEL 5026 11026 5027 11027
PANEL 5027 11027 5028 11028
PANEL 5028 11028 5029 11029
PANEL 5029 11029 5030 11030
PANEL 5030 11030 5031 11031
PANEL 5031 11031 5032 11032
PANEL 5032 11032 5033 11033
PANEL 5033 11033 5034 11034
LINE 7020 13020
LINE 7022 13022
LINE 7024 13024
LINE 7026 13026
LINE 7028 13028
LINE 7030 13030
LINE 7032 13032
LINE 7034 13034
LINE 8020 14020
LINE 8022 14022
LINE 8024 14024
LINE 8026 14026
LINE 8028 14028
LINE 8030 14030
LINE 8032 14032
LINE 8034 14034
LINE 9010 10010
LINE 9011 10011
LINE 9012 10012
LINE 9013 10013
LINE 9014 10014
LINE 9015 10015
LINE 9016 10016
LINE 9017 10017
LINE 9018 10018
LINE 9019 10019
LINE 9020 10020
LINE 9021 10021
LINE 9022 10022
LINE 9023 10023
LINE 9024 10024
LINE 9025 10025
LINE 9026 10026
LINE 9027 10027
LINE 9028 10028
LINE 9029 10029
LINE 9030 10030
LINE 9031 10031
LINE 9032 10032
LINE 9033 10033
LINE 9034 10034
PANEL 1009 1609 10010 16010
PANEL 10010 16010 10011 16011
PANEL 10011 16011 10012 16012
PANEL 10012 16012 10013 16013
PANEL 10013 16013 10014 16014
PANEL 10014 16014 10015 16015
PANEL 10015 16015 10016 16016
PANEL 10016 16016 10017 16017
PANEL 10017 16017 10018 16018
PANEL 10018 16018 10019 16019
PANEL 10019 16019 10020 16020
PANEL 10020 16020 10021 16021
PANEL 10021 16021 10022 16022
PANEL 10022 16022 10023 16023
PANEL 10023 16023 10024 16024
PANEL 10024 16024 10025 16025
PANEL 10025 16025 10026 16026
PANEL 10026 16026 10027 16027
PANEL 10027 16027 10028 16028
PANEL 10028 16028 10029 16029
PANEL 10029 16029 10030 16030
PANEL 10030 16030 10031 16031
PANEL 10031 16031 10032 16032
PANEL 10032 16032 10033 16033
PANEL 10033 16033 10034 16034
LINE 10020 46020
LINE 10022 46022
LINE 10024 46024
LINE 10026 46026
LINE 10028 46028
LINE 10030 46030
LINE 10032 46032
LINE 10034 46034
LINE 11010 12010
LINE 11011 12011
LINE 11012 12012
LINE 11013 12013
LINE 11014 12014
LINE 11015 12015
LINE 11016 12016
LINE 11017 12017
LINE 11018 12018
LINE 11019 12019
LINE 11020 12020
LINE 11021 12021
LINE 11022 12022
LINE 11023 12023
LINE 11024 12024
LINE 11025 12025
LINE 11026 12026
LINE 11027 12027
LINE 11028 12028
LINE 11029 12029
LINE 11030 12030
LINE 11031 12031
LINE 11032 12032
LINE 11033 12033
LINE 11034 12034
LINE 11020 17020
LINE 11022 17022
LINE 11024 17024
LINE 11026 17026
LINE 11028 17028
LINE 11030 17030
LINE 11032 17032
LINE 11034 17034
PANEL 1309 1209 13010 12010
PANEL 13010 12010 13011 12011
PANEL 13011 12011 13012 12012
PANEL 13012 12012 13013 12013
PANEL 13013 12013 13014 12014
PANEL 13014 12014 13015 12015
PANEL 13015 12015 13016 12016
PANEL 13016 12016 13017 12017
PANEL 13017 12017 13018 12018
PANEL 13018 12018 13019 12019
PANEL 13019 12019 13020 12020
PANEL 13020 12020 13021 12021
PANEL 13021 12021 13022 12022
PANEL 13022 12022 13023 12023
PANEL 13023 12023 13024 12024
PANEL 13024 12024 13025 12025
PANEL 13025 12025 13026 12026
PANEL 13026 12026 13027 12027
PANEL 13027 12027 13028 12028
PANEL 13028 12028 13029 12029
PANEL 13029 12029 13030 12030
PANEL 13030 12030 13031 12031
PANEL 13031 12031 13032 12032
PANEL 13032 12032 13033 12033
PANEL 13033 12033 13034 12034
PANEL 1409 1509 14010 15010
PANEL 14010 15010 14011 15011
PANEL 14011 15011 14012 15012
PANEL 14012 15012 14013 15013
PANEL 14013 15013 14014 15014
PANEL 14014 15014 14015 15015
PANEL 14015 15015 14016 15016
PANEL 14016 15016 14017 15017
PANEL 14017 15017 14018 15018
PANEL 14018 15018 14019 15019
PANEL 14019 15019 14020 15020
PANEL 14020 15020 14021 15021
PANEL 14021 15021 14022 15022
PANEL 14022 15022 14023 15023
PANEL 14023 15023 14024 15024
PANEL 14024 15024 14025 15025
PANEL 14025 15025 14026 15026
PANEL 14026 15026 14027 15027
PANEL 14027 15027 14028 15028
PANEL 14028 15028 14029 15029
PANEL 14029 15029 14030 15030
PANEL 14030 15030 14031 15031
PANEL 14031 15031 14032 15032
PANEL 14032 15032 14033 15033
PANEL 14033 15033 14034 15034
LINE 15010 16010
LINE 15011 16011
LINE 15012 16012
LINE 15013 16013
LINE 15014 16014
LINE 15015 16015
LINE 15016 16016
LINE 15017 16017
LINE 15018 16018
LINE 15019 16019
LINE 15020 16020
LINE 15021 16021
LINE 15022 16022
LINE 15023 16023
LINE 15024 16024
LINE 15025 16025
LINE 15026 16026
LINE 15027 16027
LINE 15028 16028
LINE 15029 16029
LINE 15030 16030
LINE 15031 16031
LINE 15032 16032
LINE 15033 16033
LINE 15034 16034
LINE 16020 20020
LINE 16022 20022
LINE 16024 20024
LINE 16026 20026
LINE 16028 20028
LINE 16030 20030
LINE 16032 20032
LINE 16034 20034
LINE 16020 47020
LINE 16022 47022
LINE 16024 47024
LINE 16026 47026
LINE 16028 47028
LINE 16030 47030
LINE 16032 47032
LINE 16034 47034
PANEL 1809 1709 18010 17010
PANEL 18010 17010 18011 17011
PANEL 18011 17011 18012 17012
PANEL 18012 17012 18013 17013
PANEL 18013 17013 18014 17014
PANEL 18014 17014 18015 17015
PANEL 18015 17015 18016 17016
PANEL 18016 17016 18017 17017
PANEL 18017 17017 18018 17018
PANEL 18018 17018 18019 17019
PANEL 18019 17019 18020 17020
PANEL 18020 17020 18021 17021
PANEL 18021 17021 18022 17022
PANEL 18022 17022 18023 17023
PANEL 18023 17023 18024 17024
PANEL 18024 17024 18025 17025
PANEL 18025 17025 18026 17026
PANEL 18026 17026 18027 17027
PANEL 18027 17027 18028 17028
PANEL 18028 17028 18029 17029
PANEL 18029 17029 18030 17030
PANEL 18030 17030 18031 17031
PANEL 18031 17031 18032 17032
PANEL 18032 17032 18033 17033
PANEL 18033 17033 18034 17034
LINE 18020 19020
LINE 18022 19022
LINE 18024 19024
LINE 18026 19026
LINE 18028 19028
LINE 18030 19030
LINE 18032 19032
LINE 18034 19034
PANEL 1909 2009 19010 20010
PANEL 19010 20010 19011 20011
PANEL 19011 20011 19012 20012
PANEL 19012 20012 19013 20013
PANEL 19013 20013 19014 20014
PANEL 19014 20014 19015 20015
PANEL 19015 20015 19016 20016
PANEL 19016 20016 19017 20017
PANEL 19017 20017 19018 20018
PANEL 19018 20018 19019 20019
PANEL 19019 20019 19020 20020
PANEL 19020 20020 19021 20021
PANEL 19021 20021 19022 20022
PANEL 19022 20022 19023 20023
PANEL 19023 20023 19024 20024
PANEL 19024 20024 19025 20025
PANEL 19025 20025 19026 20026
PANEL 19026 20026 19027 20027
PANEL 19027 20027 19028 20028
PANEL 19028 20028 19029 20029
PANEL 19029 20029 19030 20030
PANEL 19030 20030 19031 20031
PANEL 19031 20031 19032 20032
PANEL 19032 20032 19033 20033
PANEL 19033 20033 19034 20034
LINE 20020 48020
LINE 20022 48022
LINE 20024 48024
LINE 20026 48026
LINE 20028 48028
LINE 20030 48030
LINE 20032 48032
LINE 20034 48034
LINE 41020 42020
LINE 41022 42022
LINE 41024 42024
LINE 41026 42026
LINE 41028 42028
LINE 41030 42030
LINE 41032 42032
LINE 41034 42034
LINE 42020 43020
LINE 42022 43022
LINE 42024 43024
LINE 42026 43026
LINE 42028 43028
LINE 42030 43030
LINE 42032 43032
LINE 42034 43034
LINE 43020 11020
LINE 43022 11022
LINE 43024 11024
LINE 43026 11026
LINE 43028 11028
LINE 43030 11030
LINE 43032 11032
LINE 43034 11034
LINE 43020 44020
LINE 43022 44022
LINE 43024 44024
LINE 43026 44026
LINE 43028 44028
LINE 43030 44030
LINE 43032 44032
LINE 43034 44034
LINE 44020 17020
LINE 44022 17022
LINE 44024 17024
LINE 44026 17026
LINE 44028 17028
LINE 44030 17030
LINE 44032 17032
LINE 44034 17034
LINE 45020 46020
LINE 45022 46022
LINE 45024 46024
LINE 45026 46026
LINE 45028 46028
LINE 45030 46030
LINE 45032 46032
LINE 45034 46034
LINE 46020 47020
LINE 46022 47022
LINE 46024 47024
LINE 46026 47026
LINE 46028 47028
LINE 46030 47030
LINE 46032 47032
LINE 46034 47034
LINE 47020 48020
LINE 47022 48022
LINE 47024 48024
LINE 47026 48026
LINE 47028 48028
LINE 47030 48030
LINE 47032 48032
LINE 47034 48034
