100 0.00000000000000000000 0.00000000000000000000 0.00000000000000000000
101 0.00000000000000000000 0.00000000000000000000 1.62000000000000010658
102 0.00000000000000000000 0.00000000000000000000 3.24000000000000021316
103 0.00000000000000000000 0.00000000000000000000 4.86000000000000031974
104 0.00000000000000000000 0.00000000000000000000 6.48000000000000042633
105 0.00000000000000000000 0.00000000000000000000 8.10000000000000142109
106 0.00000000000000000000 0.00000000000000000000 9.72000000000000063949
107 0.00000000000000000000 0.00000000000000000000 11.33999999999999985789
108 0.00000000000000000000 0.00000000000000000000 12.96000000000000085265
109 0.00000000000000000000 0.00000000000000000000 14.58000000000000184741
200 0.00000000000000000000 2.50000000000000000000 0.00000000000000000000
201 0.00000000000000000000 2.50000000000000000000 1.62000000000000010658
202 0.00000000000000000000 2.50000000000000000000 3.24000000000000021316
203 0.00000000000000000000 2.50000000000000000000 4.86000000000000031974
204 0.00000000000000000000 2.50000000000000000000 6.48000000000000042633
205 0.00000000000000000000 2.50000000000000000000 8.10000000000000142109
206 0.00000000000000000000 2.50000000000000000000 9.72000000000000063949
207 0.00000000000000000000 2.50000000000000000000 11.33999999999999985789
208 0.00000000000000000000 2.50000000000000000000 12.96000000000000085265
209 0.00000000000000000000 2.50000000000000000000 14.58000000000000184741
300 0.00000000000000000000 6.79999999999999982236 0.00000000000000000000
301 0.00000000000000000000 6.79999999999999982236 1.62000000000000010658
302 0.00000000000000000000 6.79999999999999982236 3.24000000000000021316
303 0.00000000000000000000 6.79999999999999982236 4.86000000000000031974
304 0.00000000000000000000 6.79999999999999982236 6.48000000000000042633
305 0.00000000000000000000 6.79999999999999982236 8.10000000000000142109
306 0.00000000000000000000 6.79999999999999982236 9.72000000000000063949
307 0.00000000000000000000 6.79999999999999982236 11.33999999999999985789
308 0.00000000000000000000 6.79999999999999982236 12.96000000000000085265
309 0.00000000000000000000 6.79999999999999982236 14.58000000000000184741
400 0.00000000000000000000 9.30000000000000071054 0.00000000000000000000
401 0.00000000000000000000 9.30000000000000071054 1.62000000000000010658
402 0.00000000000000000000 9.30000000000000071054 3.24000000000000021316
403 0.00000000000000000000 9.30000000000000071054 4.86000000000000031974
404 0.00000000000000000000 9.30000000000000071054 6.48000000000000042633
405 0.00000000000000000000 9.30000000000000071054 8.10000000000000142109
406 0.00000000000000000000 9.30000000000000071054 9.72000000000000063949
407 0.00000000000000000000 9.30000000000000071054 11.33999999999999985789
408 0.00000000000000000000 9.30000000000000071054 12.96000000000000085265
409 0.00000000000000000000 9.30000000000000071054 14.58000000000000184741
500 10.40000000000000035527 0.00000000000000000000 0.00000000000000000000
501 10.40000000000000035527 0.00000000000000000000 1.62000000000000010658
502 10.40000000000000035527 0.00000000000000000000 3.24000000000000021316
503 10.40000000000000035527 0.00000000000000000000 4.86000000000000031974
504 10.40000000000000035527 0.00000000000000000000 6.48000000000000042633
505 10.40000000000000035527 0.00000000000000000000 8.10000000000000142109
506 10.40000000000000035527 0.00000000000000000000 9.72000000000000063949
507 10.40000000000000035527 0.00000000000000000000 11.33999999999999985789
508 10.40000000000000035527 0.00000000000000000000 12.96000000000000085265
509 10.40000000000000035527 0.00000000000000000000 14.58000000000000184741
600 10.40000000000000035527 0.00000000000000000000 0.00000000000000000000
601 10.40000000000000035527 0.00000000000000000000 1.62000000000000010658
602 10.40000000000000035527 0.00000000000000000000 3.24000000000000021316
603 10.40000000000000035527 0.00000000000000000000 4.86000000000000031974
604 10.40000000000000035527 0.00000000000000000000 6.48000000000000042633
605 10.40000000000000035527 0.00000000000000000000 8.10000000000000142109
606 10.40000000000000035527 0.00000000000000000000 9.72000000000000063949
607 10.40000000000000035527 0.00000000000000000000 11.33999999999999985789
608 10.40000000000000035527 0.00000000000000000000 12.96000000000000085265
609 10.40000000000000035527 0.00000000000000000000 14.58000000000000184741
700 10.40000000000000035527 4.25000000000000000000 0.00000000000000000000
701 10.40000000000000035527 4.25000000000000000000 1.62000000000000010658
702 10.40000000000000035527 4.25000000000000000000 3.24000000000000021316
703 10.40000000000000035527 4.25000000000000000000 4.86000000000000031974
704 10.40000000000000035527 4.25000000000000000000 6.48000000000000042633
705 10.40000000000000035527 4.25000000000000000000 8.10000000000000142109
706 10.40000000000000035527 4.25000000000000000000 9.72000000000000063949
707 10.40000000000000035527 4.25000000000000000000 11.33999999999999985789
708 10.40000000000000035527 4.25000000000000000000 12.96000000000000085265
709 10.40000000000000035527 4.25000000000000000000 14.58000000000000184741
800 10.40000000000000035527 6.79999999999999982236 0.00000000000000000000
801 10.40000000000000035527 6.79999999999999982236 1.62000000000000010658
802 10.40000000000000035527 6.79999999999999982236 3.24000000000000021316
803 10.40000000000000035527 6.79999999999999982236 4.86000000000000031974
804 10.40000000000000035527 6.79999999999999982236 6.48000000000000042633
805 10.40000000000000035527 6.79999999999999982236 8.10000000000000142109
806 10.40000000000000035527 6.79999999999999982236 9.72000000000000063949
807 10.40000000000000035527 6.79999999999999982236 11.33999999999999985789
808 10.40000000000000035527 6.79999999999999982236 12.96000000000000085265
809 10.40000000000000035527 6.79999999999999982236 14.58000000000000184741
900 10.40000000000000035527 9.30000000000000071054 0.00000000000000000000
901 10.40000000000000035527 9.30000000000000071054 1.62000000000000010658
902 10.40000000000000035527 9.30000000000000071054 3.24000000000000021316
903 10.40000000000000035527 9.30000000000000071054 4.86000000000000031974
904 10.40000000000000035527 9.30000000000000071054 6.48000000000000042633
905 10.40000000000000035527 9.30000000000000071054 8.10000000000000142109
906 10.40000000000000035527 9.30000000000000071054 9.72000000000000063949
907 10.40000000000000035527 9.30000000000000071054 11.33999999999999985789
908 10.40000000000000035527 9.30000000000000071054 12.96000000000000085265
909 10.40000000000000035527 9.30000000000000071054 14.58000000000000184741
1000 10.40000000000000035527 9.30000000000000071054 0.00000000000000000000
1001 10.40000000000000035527 9.30000000000000071054 1.62000000000000010658
1002 10.40000000000000035527 9.30000000000000071054 3.24000000000000021316
1003 10.40000000000000035527 9.30000000000000071054 4.86000000000000031974
1004 10.40000000000000035527 9.30000000000000071054 6.48000000000000042633
1005 10.40000000000000035527 9.30000000000000071054 8.10000000000000142109
1006 10.40000000000000035527 9.30000000000000071054 9.72000000000000063949
1007 10.40000000000000035527 9.30000000000000071054 11.33999999999999985789
1008 10.40000000000000035527 9.30000000000000071054 12.96000000000000085265
1009 10.40000000000000035527 9.30000000000000071054 14.58000000000000184741
1010 0.00000000000000000000 0.00000000000000000000 16.20000000000000284217
1011 0.00000000000000000000 0.00000000000000000000 17.82000000000000028422
1012 0.00000000000000000000 0.00000000000000000000 19.44000000000000127898
1013 0.00000000000000000000 0.00000000000000000000 21.06000000000000227374
1014 0.00000000000000000000 0.00000000000000000000 22.67999999999999971578
1015 0.00000000000000000000 0.00000000000000000000 24.30000000000000071054
1016 0.00000000000000000000 0.00000000000000000000 25.92000000000000170530
1017 0.00000000000000000000 0.00000000000000000000 27.54000000000000270006
1018 0.00000000000000000000 0.00000000000000000000 29.16000000000000369482
1019 0.00000000000000000000 0.00000000000000000000 30.78000000000000113687
1020 0.00000000000000000000 0.00000000000000000000 32.40000000000000568434
1021 0.00000000000000000000 0.00000000000000000000 34.02000000000000312639
1022 0.00000000000000000000 0.00000000000000000000 35.64000000000000056843
1023 0.00000000000000000000 0.00000000000000000000 37.26000000000000511591
1024 0.00000000000000000000 0.00000000000000000000 38.88000000000000255795
1025 0.00000000000000000000 0.00000000000000000000 40.50000000000000000000
1026 0.00000000000000000000 0.00000000000000000000 42.12000000000000454747
1027 0.00000000000000000000 0.00000000000000000000 43.74000000000000198952
1028 0.00000000000000000000 0.00000000000000000000 45.35999999999999943157
1029 0.00000000000000000000 0.00000000000000000000 46.98000000000000397904
1030 0.00000000000000000000 0.00000000000000000000 48.60000000000000142109
1031 0.00000000000000000000 0.00000000000000000000 50.22000000000000596856
1032 0.00000000000000000000 0.00000000000000000000 51.84000000000000341061
1033 0.00000000000000000000 0.00000000000000000000 53.46000000000000085265
1034 0.00000000000000000000 0.00000000000000000000 55.08000000000000540012
1100 19.20000000000000284217 0.00000000000000000000 0.00000000000000000000
1101 19.20000000000000284217 0.00000000000000000000 1.62000000000000010658
1102 19.20000000000000284217 0.00000000000000000000 3.24000000000000021316
1103 19.20000000000000284217 0.00000000000000000000 4.86000000000000031974
1104 19.20000000000000284217 0.00000000000000000000 6.48000000000000042633
1105 19.20000000000000284217 0.00000000000000000000 8.10000000000000142109
1106 19.20000000000000284217 0.00000000000000000000 9.72000000000000063949
1107 19.20000000000000284217 0.00000000000000000000 11.33999999999999985789
1108 19.20000000000000284217 0.00000000000000000000 12.96000000000000085265
1109 19.20000000000000284217 0.00000000000000000000 14.58000000000000184741
1200 19.20000000000000284217 0.00000000000000000000 0.00000000000000000000
1201 19.20000000000000284217 0.00000000000000000000 1.62000000000000010658
1202 19.20000000000000284217 0.00000000000000000000 3.24000000000000021316
1203 19.20000000000000284217 0.00000000000000000000 4.86000000000000031974
1204 19.20000000000000284217 0.00000000000000000000 6.48000000000000042633
1205 19.20000000000000284217 0.00000000000000000000 8.10000000000000142109
1206 19.20000000000000284217 0.00000000000000000000 9.72000000000000063949
1207 19.20000000000000284217 0.00000000000000000000 11.33999999999999985789
1208 19.20000000000000284217 0.00000000000000000000 12.96000000000000085265
1209 19.20000000000000284217 0.00000000000000000000 14.58000000000000184741
1300 19.20000000000000284217 4.25000000000000000000 0.00000000000000000000
1301 19.20000000000000284217 4.25000000000000000000 1.62000000000000010658
1302 19.20000000000000284217 4.25000000000000000000 3.24000000000000021316
1303 19.20000000000000284217 4.25000000000000000000 4.86000000000000031974
1304 19.20000000000000284217 4.25000000000000000000 6.48000000000000042633
1305 19.20000000000000284217 4.25000000000000000000 8.10000000000000142109
1306 19.20000000000000284217 4.25000000000000000000 9.72000000000000063949
1307 19.20000000000000284217 4.25000000000000000000 11.33999999999999985789
1308 19.20000000000000284217 4.25000000000000000000 12.96000000000000085265
1309 19.20000000000000284217 4.25000000000000000000 14.58000000000000184741
1400 19.20000000000000284217 6.79999999999999982236 0.00000000000000000000
1401 19.20000000000000284217 6.79999999999999982236 1.62000000000000010658
1402 19.20000000000000284217 6.79999999999999982236 3.24000000000000021316
1403 19.20000000000000284217 6.79999999999999982236 4.86000000000000031974
1404 19.20000000000000284217 6.79999999999999982236 6.48000000000000042633
1405 19.20000000000000284217 6.79999999999999982236 8.10000000000000142109
1406 19.20000000000000284217 6.79999999999999982236 9.72000000000000063949
1407 19.20000000000000284217 6.79999999999999982236 11.33999999999999985789
1408 19.20000000000000284217 6.79999999999999982236 12.96000000000000085265
1409 19.20000000000000284217 6.79999999999999982236 14.58000000000000184741
1500 19.20000000000000284217 9.30000000000000071054 0.00000000000000000000
1501 19.20000000000000284217 9.30000000000000071054 1.62000000000000010658
1502 19.20000000000000284217 9.30000000000000071054 3.24000000000000021316
1503 19.20000000000000284217 9.30000000000000071054 4.86000000000000031974
1504 19.20000000000000284217 9.30000000000000071054 6.48000000000000042633
1505 19.20000000000000284217 9.30000000000000071054 8.10000000000000142109
1506 19.20000000000000284217 9.30000000000000071054 9.72000000000000063949
1507 19.20000000000000284217 9.30000000000000071054 11.33999999999999985789
1508 19.20000000000000284217 9.30000000000000071054 12.96000000000000085265
1509 19.20000000000000284217 9.30000000000000071054 14.58000000000000184741
1600 19.20000000000000284217 9.30000000000000071054 0.00000000000000000000
1601 19.20000000000000284217 9.30000000000000071054 1.62000000000000010658
1602 19.20000000000000284217 9.30000000000000071054 3.24000000000000021316
1603 19.20000000000000284217 9.30000000000000071054 4.86000000000000031974
1604 19.20000000000000284217 9.30000000000000071054 6.48000000000000042633
1605 19.20000000000000284217 9.30000000000000071054 8.10000000000000142109
1606 19.20000000000000284217 9.30000000000000071054 9.72000000000000063949
1607 19.20000000000000284217 9.30000000000000071054 11.33999999999999985789
1608 19.20000000000000284217 9.30000000000000071054 12.96000000000000085265
1609 19.20000000000000284217 9.30000000000000071054 14.58000000000000184741
1700 29.60000000000000142109 0.00000000000000000000 0.00000000000000000000
1701 29.60000000000000142109 0.00000000000000000000 1.62000000000000010658
1702 29.60000000000000142109 0.00000000000000000000 3.24000000000000021316
1703 29.60000000000000142109 0.00000000000000000000 4.86000000000000031974
1704 29.60000000000000142109 0.00000000000000000000 6.48000000000000042633
1705 29.60000000000000142109 0.00000000000000000000 8.10000000000000142109
1706 29.60000000000000142109 0.00000000000000000000 9.72000000000000063949
1707 29.60000000000000142109 0.00000000000000000000 11.33999999999999985789
1708 29.60000000000000142109 0.00000000000000000000 12.96000000000000085265
1709 29.60000000000000142109 0.00000000000000000000 14.58000000000000184741
1800 29.60000000000000142109 2.50000000000000000000 0.00000000000000000000
1801 29.60000000000000142109 2.50000000000000000000 1.62000000000000010658
1802 29.60000000000000142109 2.50000000000000000000 3.24000000000000021316
1803 29.60000000000000142109 2.50000000000000000000 4.86000000000000031974
1804 29.60000000000000142109 2.50000000000000000000 6.48000000000000042633
1805 29.60000000000000142109 2.50000000000000000000 8.10000000000000142109
1806 29.60000000000000142109 2.50000000000000000000 9.72000000000000063949
1807 29.60000000000000142109 2.50000000000000000000 11.33999999999999985789
1808 29.60000000000000142109 2.50000000000000000000 12.96000000000000085265
1809 29.60000000000000142109 2.50000000000000000000 14.58000000000000184741
1900 29.60000000000000142109 6.79999999999999982236 0.00000000000000000000
1901 29.60000000000000142109 6.79999999999999982236 1.62000000000000010658
1902 29.60000000000000142109 6.79999999999999982236 3.24000000000000021316
1903 29.60000000000000142109 6.79999999999999982236 4.86000000000000031974
1904 29.60000000000000142109 6.79999999999999982236 6.48000000000000042633
1905 29.60000000000000142109 6.79999999999999982236 8.10000000000000142109
1906 29.60000000000000142109 6.79999999999999982236 9.72000000000000063949
1907 29.60000000000000142109 6.79999999999999982236 11.33999999999999985789
1908 29.60000000000000142109 6.79999999999999982236 12.96000000000000085265
1909 29.60000000000000142109 6.79999999999999982236 14.58000000000000184741
2000 29.60000000000000142109 9.30000000000000071054 0.00000000000000000000
2001 29.60000000000000142109 9.30000000000000071054 1.62000000000000010658
2002 29.60000000000000142109 9.30000000000000071054 3.24000000000000021316
2003 29.60000000000000142109 9.30000000000000071054 4.86000000000000031974
2004 29.60000000000000142109 9.30000000000000071054 6.48000000000000042633
2005 29.60000000000000142109 9.30000000000000071054 8.10000000000000142109
2006 29.60000000000000142109 9.30000000000000071054 9.72000000000000063949
2007 29.60000000000000142109 9.30000000000000071054 11.33999999999999985789
2008 29.60000000000000142109 9.30000000000000071054 12.96000000000000085265
2009 29.60000000000000142109 9.30000000000000071054 14.58000000000000184741
2010 0.00000000000000000000 2.50000000000000000000 16.20000000000000284217
2011 0.00000000000000000000 2.50000000000000000000 17.82000000000000028422
2012 0.00000000000000000000 2.50000000000000000000 19.44000000000000127898
2013 0.00000000000000000000 2.50000000000000000000 21.06000000000000227374
2014 0.00000000000000000000 2.50000000000000000000 22.67999999999999971578
2015 0.00000000000000000000 2.50000000000000000000 24.30000000000000071054
2016 0.00000000000000000000 2.50000000000000000000 25.92000000000000170530
2017 0.00000000000000000000 2.50000000000000000000 27.54000000000000270006
2018 0.00000000000000000000 2.50000000000000000000 29.16000000000000369482
2019 0.00000000000000000000 2.50000000000000000000 30.78000000000000113687
2020 0.00000000000000000000 2.50000000000000000000 32.40000000000000568434
2021 0.00000000000000000000 2.50000000000000000000 34.02000000000000312639
2022 0.00000000000000000000 2.50000000000000000000 35.64000000000000056843
2023 0.00000000000000000000 2.50000000000000000000 37.26000000000000511591
2024 0.00000000000000000000 2.50000000000000000000 38.88000000000000255795
2025 0.00000000000000000000 2.50000000000000000000 40.50000000000000000000
2026 0.00000000000000000000 2.50000000000000000000 42.12000000000000454747
2027 0.00000000000000000000 2.50000000000000000000 43.74000000000000198952
2028 0.00000000000000000000 2.50000000000000000000 45.35999999999999943157
2029 0.00000000000000000000 2.50000000000000000000 46.98000000000000397904
2030 0.00000000000000000000 2.50000000000000000000 48.60000000000000142109
2031 0.00000000000000000000 2.50000000000000000000 50.22000000000000596856
2032 0.00000000000000000000 2.50000000000000000000 51.84000000000000341061
2033 0.00000000000000000000 2.50000000000000000000 53.46000000000000085265
2034 0.00000000000000000000 2.50000000000000000000 55.08000000000000540012
3010 0.00000000000000000000 6.79999999999999982236 16.20000000000000284217
3011 0.00000000000000000000 6.79999999999999982236 17.82000000000000028422
3012 0.00000000000000000000 6.79999999999999982236 19.44000000000000127898
3013 0.00000000000000000000 6.79999999999999982236 21.06000000000000227374
3014 0.00000000000000000000 6.79999999999999982236 22.67999999999999971578
3015 0.00000000000000000000 6.79999999999999982236 24.30000000000000071054
3016 0.00000000000000000000 6.79999999999999982236 25.92000000000000170530
3017 0.00000000000000000000 6.79999999999999982236 27.54000000000000270006
3018 0.00000000000000000000 6.79999999999999982236 29.16000000000000369482
3019 0.00000000000000000000 6.79999999999999982236 30.78000000000000113687
3020 0.00000000000000000000 6.79999999999999982236 32.40000000000000568434
3021 0.00000000000000000000 6.79999999999999982236 34.02000000000000312639
3022 0.00000000000000000000 6.79999999999999982236 35.64000000000000056843
3023 0.00000000000000000000 6.79999999999999982236 37.26000000000000511591
3024 0.00000000000000000000 6.79999999999999982236 38.88000000000000255795
3025 0.00000000000000000000 6.79999999999999982236 40.50000000000000000000
3026 0.00000000000000000000 6.79999999999999982236 42.12000000000000454747
3027 0.00000000000000000000 6.79999999999999982236 43.74000000000000198952
3028 0.00000000000000000000 6.79999999999999982236 45.35999999999999943157
3029 0.00000000000000000000 6.79999999999999982236 46.98000000000000397904
3030 0.00000000000000000000 6.79999999999999982236 48.60000000000000142109
3031 0.00000000000000000000 6.79999999999999982236 50.22000000000000596856
3032 0.00000000000000000000 6.79999999999999982236 51.84000000000000341061
3033 0.00000000000000000000 6.79999999999999982236 53.46000000000000085265
3034 0.00000000000000000000 6.79999999999999982236 55.08000000000000540012
4010 0.00000000000000000000 9.30000000000000071054 16.20000000000000284217
4011 0.00000000000000000000 9.30000000000000071054 17.82000000000000028422
4012 0.00000000000000000000 9.30000000000000071054 19.44000000000000127898
4013 0.00000000000000000000 9.30000000000000071054 21.06000000000000227374
4014 0.00000000000000000000 9.30000000000000071054 22.67999999999999971578
4015 0.00000000000000000000 9.30000000000000071054 24.30000000000000071054
4016 0.00000000000000000000 9.30000000000000071054 25.92000000000000170530
4017 0.00000000000000000000 9.30000000000000071054 27.54000000000000270006
4018 0.00000000000000000000 9.30000000000000071054 29.16000000000000369482
4019 0.00000000000000000000 9.30000000000000071054 30.78000000000000113687
4020 0.00000000000000000000 9.30000000000000071054 32.40000000000000568434
4021 0.00000000000000000000 9.30000000000000071054 34.02000000000000312639
4022 0.00000000000000000000 9.30000000000000071054 35.64000000000000056843
4023 0.00000000000000000000 9.30000000000000071054 37.26000000000000511591
4024 0.00000000000000000000 9.30000000000000071054 38.88000000000000255795
4025 0.00000000000000000000 9.30000000000000071054 40.50000000000000000000
4026 0.00000000000000000000 9.30000000000000071054 42.12000000000000454747
4027 0.00000000000000000000 9.30000000000000071054 43.74000000000000198952
4028 0.00000000000000000000 9.30000000000000071054 45.35999999999999943157
4029 0.00000000000000000000 9.30000000000000071054 46.98000000000000397904
4030 0.00000000000000000000 9.30000000000000071054 48.60000000000000142109
4031 0.00000000000000000000 9.30000000000000071054 50.22000000000000596856
4032 0.00000000000000000000 9.30000000000000071054 51.84000000000000341061
4033 0.00000000000000000000 9.30000000000000071054 53.46000000000000085265
4034 0.00000000000000000000 9.30000000000000071054 55.08000000000000540012
4100 0.00000000000000000000 -6.90000000000000035527 0.00000000000000000000
4101 0.00000000000000000000 -6.90000000000000035527 1.62000000000000010658
4102 0.00000000000000000000 -6.90000000000000035527 3.24000000000000021316
4103 0.00000000000000000000 -6.90000000000000035527 4.86000000000000031974
4104 0.00000000000000000000 -6.90000000000000035527 6.48000000000000042633
4105 0.00000000000000000000 -6.90000000000000035527 8.10000000000000142109
4106 0.00000000000000000000 -6.90000000000000035527 9.72000000000000063949
4107 0.00000000000000000000 -6.90000000000000035527 11.33999999999999985789
4108 0.00000000000000000000 -6.90000000000000035527 12.96000000000000085265
4109 0.00000000000000000000 -6.90000000000000035527 14.58000000000000184741
4200 10.40000000000000035527 -6.90000000000000035527 0.00000000000000000000
4201 10.40000000000000035527 -6.90000000000000035527 1.62000000000000010658
4202 10.40000000000000035527 -6.90000000000000035527 3.24000000000000021316
4203 10.40000000000000035527 -6.90000000000000035527 4.86000000000000031974
4204 10.40000000000000035527 -6.90000000000000035527 6.48000000000000042633
4205 10.40000000000000035527 -6.90000000000000035527 8.10000000000000142109
4206 10.40000000000000035527 -6.90000000000000035527 9.72000000000000063949
4207 10.40000000000000035527 -6.90000000000000035527 11.33999999999999985789
4208 10.40000000000000035527 -6.90000000000000035527 12.96000000000000085265
4209 10.40000000000000035527 -6.90000000000000035527 14.58000000000000184741
4300 19.20000000000000284217 -6.90000000000000035527 0.00000000000000000000
4301 19.20000000000000284217 -6.90000000000000035527 1.62000000000000010658
4302 19.20000000000000284217 -6.90000000000000035527 3.24000000000000021316
4303 19.20000000000000284217 -6.90000000000000035527 4.86000000000000031974
4304 19.20000000000000284217 -6.90000000000000035527 6.48000000000000042633
4305 19.20000000000000284217 -6.90000000000000035527 8.10000000000000142109
4306 19.20000000000000284217 -6.90000000000000035527 9.72000000000000063949
4307 19.20000000000000284217 -6.90000000000000035527 11.33999999999999985789
4308 19.20000000000000284217 -6.90000000000000035527 12.96000000000000085265
4309 19.20000000000000284217 -6.90000000000000035527 14.58000000000000184741
4400 29.60000000000000142109 -6.90000000000000035527 0.00000000000000000000
4401 29.60000000000000142109 -6.90000000000000035527 1.62000000000000010658
4402 29.60000000000000142109 -6.90000000000000035527 3.24000000000000021316
4403 29.60000000000000142109 -6.90000000000000035527 4.86000000000000031974
4404 29.60000000000000142109 -6.90000000000000035527 6.48000000000000042633
4405 29.60000000000000142109 -6.90000000000000035527 8.10000000000000142109
4406 29.60000000000000142109 -6.90000000000000035527 9.72000000000000063949
4407 29.60000000000000142109 -6.90000000000000035527 11.33999999999999985789
4408 29.60000000000000142109 -6.90000000000000035527 12.96000000000000085265
4409 29.60000000000000142109 -6.90000000000000035527 14.58000000000000184741
4500 0.00000000000000000000 16.20000000000000284217 0.00000000000000000000
4501 0.00000000000000000000 16.20000000000000284217 1.62000000000000010658
4502 0.00000000000000000000 16.20000000000000284217 3.24000000000000021316
4503 0.00000000000000000000 16.20000000000000284217 4.86000000000000031974
4504 0.00000000000000000000 16.20000000000000284217 6.48000000000000042633
4505 0.00000000000000000000 16.20000000000000284217 8.10000000000000142109
4506 0.00000000000000000000 16.20000000000000284217 9.72000000000000063949
4507 0.00000000000000000000 16.20000000000000284217 11.33999999999999985789
4508 0.00000000000000000000 16.20000000000000284217 12.96000000000000085265
4509 0.00000000000000000000 16.20000000000000284217 14.58000000000000184741
4600 10.40000000000000035527 16.20000000000000284217 0.00000000000000000000
4601 10.40000000000000035527 16.20000000000000284217 1.62000000000000010658
4602 10.40000000000000035527 16.20000000000000284217 3.24000000000000021316
4603 10.40000000000000035527 16.20000000000000284217 4.86000000000000031974
4604 10.40000000000000035527 16.20000000000000284217 6.48000000000000042633
4605 10.40000000000000035527 16.20000000000000284217 8.10000000000000142109
4606 10.40000000000000035527 16.20000000000000284217 9.72000000000000063949
4607 10.40000000000000035527 16.20000000000000284217 11.33999999999999985789
4608 10.40000000000000035527 16.20000000000000284217 12.96000000000000085265
4609 10.40000000000000035527 16.20000000000000284217 14.58000000000000184741
4700 19.20000000000000284217 16.20000000000000284217 0.00000000000000000000
4701 19.20000000000000284217 16.20000000000000284217 1.62000000000000010658
4702 19.20000000000000284217 16.20000000000000284217 3.24000000000000021316
4703 19.20000000000000284217 16.20000000000000284217 4.86000000000000031974
4704 19.20000000000000284217 16.20000000000000284217 6.48000000000000042633
4705 19.20000000000000284217 16.20000000000000284217 8.10000000000000142109
4706 19.20000000000000284217 16.20000000000000284217 9.72000000000000063949
4707 19.20000000000000284217 16.20000000000000284217 11.33999999999999985789
4708 19.20000000000000284217 16.20000000000000284217 12.96000000000000085265
4709 19.20000000000000284217 16.20000000000000284217 14.58000000000000184741
4800 29.60000000000000142109 16.20000000000000284217 0.00000000000000000000
4801 29.60000000000000142109 16.20000000000000284217 1.62000000000000010658
4802 29.60000000000000142109 16.20000000000000284217 3.24000000000000021316
4803 29.60000000000000142109 16.20000000000000284217 4.86000000000000031974
4804 29.60000000000000142109 16.20000000000000284217 6.48000000000000042633
4805 29.60000000000000142109 16.20000000000000284217 8.10000000000000142109
4806 29.60000000000000142109 16.20000000000000284217 9.72000000000000063949
4807 29.60000000000000142109 16.20000000000000284217 11.33999999999999985789
4808 29.60000000000000142109 16.20000000000000284217 12.96000000000000085265
4809 29.60000000000000142109 16.20000000000000284217 14.58000000000000184741
5010 10.40000000000000035527 0.00000000000000000000 16.20000000000000284217
5011 10.40000000000000035527 0.00000000000000000000 17.82000000000000028422
5012 10.40000000000000035527 0.00000000000000000000 19.44000000000000127898
5013 10.40000000000000035527 0.00000000000000000000 21.06000000000000227374
5014 10.40000000000000035527 0.00000000000000000000 22.67999999999999971578
5015 10.40000000000000035527 0.00000000000000000000 24.30000000000000071054
5016 10.40000000000000035527 0.00000000000000000000 25.92000000000000170530
5017 10.40000000000000035527 0.00000000000000000000 27.54000000000000270006
5018 10.40000000000000035527 0.00000000000000000000 29.16000000000000369482
5019 10.40000000000000035527 0.00000000000000000000 30.78000000000000113687
5020 10.40000000000000035527 0.00000000000000000000 32.40000000000000568434
5021 10.40000000000000035527 0.00000000000000000000 34.02000000000000312639
5022 10.40000000000000035527 0.00000000000000000000 35.64000000000000056843
5023 10.40000000000000035527 0.00000000000000000000 37.26000000000000511591
5024 10.40000000000000035527 0.00000000000000000000 38.88000000000000255795
5025 10.40000000000000035527 0.00000000000000000000 40.50000000000000000000
5026 10.40000000000000035527 0.00000000000000000000 42.12000000000000454747
5027 10.40000000000000035527 0.00000000000000000000 43.74000000000000198952
5028 10.40000000000000035527 0.00000000000000000000 45.35999999999999943157
5029 10.40000000000000035527 0.00000000000000000000 46.98000000000000397904
5030 10.40000000000000035527 0.00000000000000000000 48.60000000000000142109
5031 10.40000000000000035527 0.00000000000000000000 50.22000000000000596856
5032 10.40000000000000035527 0.00000000000000000000 51.84000000000000341061
5033 10.40000000000000035527 0.00000000000000000000 53.46000000000000085265
5034 10.40000000000000035527 0.00000000000000000000 55.08000000000000540012
6010 10.40000000000000035527 0.00000000000000000000 16.20000000000000284217
6011 10.40000000000000035527 0.00000000000000000000 17.82000000000000028422
6012 10.40000000000000035527 0.00000000000000000000 19.44000000000000127898
6013 10.40000000000000035527 0.00000000000000000000 21.06000000000000227374
6014 10.40000000000000035527 0.00000000000000000000 22.67999999999999971578
6015 10.40000000000000035527 0.00000000000000000000 24.30000000000000071054
6016 10.40000000000000035527 0.00000000000000000000 25.92000000000000170530
6017 10.40000000000000035527 0.00000000000000000000 27.54000000000000270006
6018 10.40000000000000035527 0.00000000000000000000 29.16000000000000369482
6019 10.40000000000000035527 0.00000000000000000000 30.78000000000000113687
6020 10.40000000000000035527 0.00000000000000000000 32.40000000000000568434
6021 10.40000000000000035527 0.00000000000000000000 34.02000000000000312639
6022 10.40000000000000035527 0.00000000000000000000 35.64000000000000056843
6023 10.40000000000000035527 0.00000000000000000000 37.26000000000000511591
6024 10.40000000000000035527 0.00000000000000000000 38.88000000000000255795
6025 10.40000000000000035527 0.00000000000000000000 40.50000000000000000000
6026 10.40000000000000035527 0.00000000000000000000 42.12000000000000454747
6027 10.40000000000000035527 0.00000000000000000000 43.74000000000000198952
6028 10.40000000000000035527 0.00000000000000000000 45.35999999999999943157
6029 10.40000000000000035527 0.00000000000000000000 46.98000000000000397904
6030 10.40000000000000035527 0.00000000000000000000 48.60000000000000142109
6031 10.40000000000000035527 0.00000000000000000000 50.22000000000000596856
6032 10.40000000000000035527 0.00000000000000000000 51.84000000000000341061
6033 10.40000000000000035527 0.00000000000000000000 53.46000000000000085265
6034 10.40000000000000035527 0.00000000000000000000 55.08000000000000540012
7010 10.40000000000000035527 4.25000000000000000000 16.20000000000000284217
7011 10.40000000000000035527 4.25000000000000000000 17.82000000000000028422
7012 10.40000000000000035527 4.25000000000000000000 19.44000000000000127898
7013 10.40000000000000035527 4.25000000000000000000 21.06000000000000227374
7014 10.40000000000000035527 4.25000000000000000000 22.67999999999999971578
7015 10.40000000000000035527 4.25000000000000000000 24.30000000000000071054
7016 10.40000000000000035527 4.25000000000000000000 25.92000000000000170530
7017 10.40000000000000035527 4.25000000000000000000 27.54000000000000270006
7018 10.40000000000000035527 4.25000000000000000000 29.16000000000000369482
7019 10.40000000000000035527 4.25000000000000000000 30.78000000000000113687
7020 10.40000000000000035527 4.25000000000000000000 32.40000000000000568434
7021 10.40000000000000035527 4.25000000000000000000 34.02000000000000312639
7022 10.40000000000000035527 4.25000000000000000000 35.64000000000000056843
7023 10.40000000000000035527 4.25000000000000000000 37.26000000000000511591
7024 10.40000000000000035527 4.25000000000000000000 38.88000000000000255795
7025 10.40000000000000035527 4.25000000000000000000 40.50000000000000000000
7026 10.40000000000000035527 4.25000000000000000000 42.12000000000000454747
7027 10.40000000000000035527 4.25000000000000000000 43.74000000000000198952
7028 10.40000000000000035527 4.25000000000000000000 45.35999999999999943157
7029 10.40000000000000035527 4.25000000000000000000 46.98000000000000397904
7030 10.40000000000000035527 4.25000000000000000000 48.60000000000000142109
7031 10.40000000000000035527 4.25000000000000000000 50.22000000000000596856
7032 10.40000000000000035527 4.25000000000000000000 51.84000000000000341061
7033 10.40000000000000035527 4.25000000000000000000 53.46000000000000085265
7034 10.40000000000000035527 4.25000000000000000000 55.08000000000000540012
8010 10.40000000000000035527 6.79999999999999982236 16.20000000000000284217
8011 10.40000000000000035527 6.79999999999999982236 17.82000000000000028422
8012 10.40000000000000035527 6.79999999999999982236 19.44000000000000127898
8013 10.40000000000000035527 6.79999999999999982236 21.06000000000000227374
8014 10.40000000000000035527 6.79999999999999982236 22.67999999999999971578
8015 10.40000000000000035527 6.79999999999999982236 24.30000000000000071054
8016 10.40000000000000035527 6.79999999999999982236 25.92000000000000170530
8017 10.40000000000000035527 6.79999999999999982236 27.54000000000000270006
8018 10.40000000000000035527 6.79999999999999982236 29.16000000000000369482
8019 10.40000000000000035527 6.79999999999999982236 30.78000000000000113687
8020 10.40000000000000035527 6.79999999999999982236 32.40000000000000568434
8021 10.40000000000000035527 6.79999999999999982236 34.02000000000000312639
8022 10.40000000000000035527 6.79999999999999982236 35.64000000000000056843
8023 10.40000000000000035527 6.79999999999999982236 37.26000000000000511591
8024 10.40000000000000035527 6.79999999999999982236 38.88000000000000255795
8025 10.40000000000000035527 6.79999999999999982236 40.50000000000000000000
8026 10.40000000000000035527 6.79999999999999982236 42.12000000000000454747
8027 10.40000000000000035527 6.79999999999999982236 43.74000000000000198952
8028 10.40000000000000035527 6.79999999999999982236 45.35999999999999943157
8029 10.40000000000000035527 6.79999999999999982236 46.98000000000000397904
8030 10.40000000000000035527 6.79999999999999982236 48.60000000000000142109
8031 10.40000000000000035527 6.79999999999999982236 50.22000000000000596856
8032 10.40000000000000035527 6.79999999999999982236 51.84000000000000341061
8033 10.40000000000000035527 6.79999999999999982236 53.46000000000000085265
8034 10.40000000000000035527 6.79999999999999982236 55.08000000000000540012
9010 10.40000000000000035527 9.30000000000000071054 16.20000000000000284217
9011 10.40000000000000035527 9.30000000000000071054 17.82000000000000028422
9012 10.40000000000000035527 9.30000000000000071054 19.44000000000000127898
9013 10.40000000000000035527 9.30000000000000071054 21.06000000000000227374
9014 10.40000000000000035527 9.30000000000000071054 22.67999999999999971578
9015 10.40000000000000035527 9.30000000000000071054 24.30000000000000071054
9016 10.40000000000000035527 9.30000000000000071054 25.92000000000000170530
9017 10.40000000000000035527 9.30000000000000071054 27.54000000000000270006
9018 10.40000000000000035527 9.30000000000000071054 29.16000000000000369482
9019 10.40000000000000035527 9.30000000000000071054 30.78000000000000113687
9020 10.40000000000000035527 9.30000000000000071054 32.40000000000000568434
9021 10.40000000000000035527 9.30000000000000071054 34.02000000000000312639
9022 10.40000000000000035527 9.30000000000000071054 35.64000000000000056843
9023 10.40000000000000035527 9.30000000000000071054 37.26000000000000511591
9024 10.40000000000000035527 9.30000000000000071054 38.88000000000000255795
9025 10.40000000000000035527 9.30000000000000071054 40.50000000000000000000
9026 10.40000000000000035527 9.30000000000000071054 42.12000000000000454747
9027 10.40000000000000035527 9.30000000000000071054 43.74000000000000198952
9028 10.40000000000000035527 9.30000000000000071054 45.35999999999999943157
9029 10.40000000000000035527 9.30000000000000071054 46.98000000000000397904
9030 10.40000000000000035527 9.30000000000000071054 48.60000000000000142109
9031 10.40000000000000035527 9.30000000000000071054 50.22000000000000596856
9032 10.40000000000000035527 9.30000000000000071054 51.84000000000000341061
9033 10.40000000000000035527 9.30000000000000071054 53.46000000000000085265
9034 10.40000000000000035527 9.30000000000000071054 55.08000000000000540012
10010 10.40000000000000035527 9.30000000000000071054 16.20000000000000284217
10011 10.40000000000000035527 9.30000000000000071054 17.82000000000000028422
10012 10.40000000000000035527 9.30000000000000071054 19.44000000000000127898
10013 10.40000000000000035527 9.30000000000000071054 21.06000000000000227374
10014 10.40000000000000035527 9.30000000000000071054 22.67999999999999971578
10015 10.40000000000000035527 9.30000000000000071054 24.30000000000000071054
10016 10.40000000000000035527 9.30000000000000071054 25.92000000000000170530
10017 10.40000000000000035527 9.30000000000000071054 27.54000000000000270006
10018 10.40000000000000035527 9.30000000000000071054 29.16000000000000369482
10019 10.40000000000000035527 9.30000000000000071054 30.78000000000000113687
10020 10.40000000000000035527 9.30000000000000071054 32.40000000000000568434
10021 10.40000000000000035527 9.30000000000000071054 34.02000000000000312639
10022 10.40000000000000035527 9.30000000000000071054 35.64000000000000056843
10023 10.40000000000000035527 9.30000000000000071054 37.26000000000000511591
10024 10.40000000000000035527 9.30000000000000071054 38.88000000000000255795
10025 10.40000000000000035527 9.30000000000000071054 40.50000000000000000000
10026 10.40000000000000035527 9.30000000000000071054 42.12000000000000454747
10027 10.40000000000000035527 9.30000000000000071054 43.74000000000000198952
10028 10.40000000000000035527 9.30000000000000071054 45.35999999999999943157
10029 10.40000000000000035527 9.30000000000000071054 46.98000000000000397904
10030 10.40000000000000035527 9.30000000000000071054 48.60000000000000142109
10031 10.40000000000000035527 9.30000000000000071054 50.22000000000000596856
10032 10.40000000000000035527 9.30000000000000071054 51.84000000000000341061
10033 10.40000000000000035527 9.30000000000000071054 53.46000000000000085265
10034 10.40000000000000035527 9.30000000000000071054 55.08000000000000540012
11010 19.20000000000000284217 0.00000000000000000000 16.20000000000000284217
11011 19.20000000000000284217 0.00000000000000000000 17.82000000000000028422
11012 19.20000000000000284217 0.00000000000000000000 19.44000000000000127898
11013 19.20000000000000284217 0.00000000000000000000 21.06000000000000227374
11014 19.20000000000000284217 0.00000000000000000000 22.67999999999999971578
11015 19.20000000000000284217 0.00000000000000000000 24.30000000000000071054
11016 19.20000000000000284217 0.00000000000000000000 25.92000000000000170530
11017 19.20000000000000284217 0.00000000000000000000 27.54000000000000270006
11018 19.20000000000000284217 0.00000000000000000000 29.16000000000000369482
11019 19.20000000000000284217 0.00000000000000000000 30.78000000000000113687
11020 19.20000000000000284217 0.00000000000000000000 32.40000000000000568434
11021 19.20000000000000284217 0.00000000000000000000 34.02000000000000312639
11022 19.20000000000000284217 0.00000000000000000000 35.64000000000000056843
11023 19.20000000000000284217 0.00000000000000000000 37.26000000000000511591
11024 19.20000000000000284217 0.00000000000000000000 38.88000000000000255795
11025 19.20000000000000284217 0.00000000000000000000 40.50000000000000000000
11026 19.20000000000000284217 0.00000000000000000000 42.12000000000000454747
11027 19.20000000000000284217 0.00000000000000000000 43.74000000000000198952
11028 19.20000000000000284217 0.00000000000000000000 45.35999999999999943157
11029 19.20000000000000284217 0.00000000000000000000 46.98000000000000397904
11030 19.20000000000000284217 0.00000000000000000000 48.60000000000000142109
11031 19.20000000000000284217 0.00000000000000000000 50.22000000000000596856
11032 19.20000000000000284217 0.00000000000000000000 51.84000000000000341061
11033 19.20000000000000284217 0.00000000000000000000 53.46000000000000085265
11034 19.20000000000000284217 0.00000000000000000000 55.08000000000000540012
12010 19.20000000000000284217 0.00000000000000000000 16.20000000000000284217
12011 19.20000000000000284217 0.00000000000000000000 17.82000000000000028422
12012 19.20000000000000284217 0.00000000000000000000 19.44000000000000127898
12013 19.20000000000000284217 0.00000000000000000000 21.06000000000000227374
12014 19.20000000000000284217 0.00000000000000000000 22.67999999999999971578
12015 19.20000000000000284217 0.00000000000000000000 24.30000000000000071054
12016 19.20000000000000284217 0.00000000000000000000 25.92000000000000170530
12017 19.20000000000000284217 0.00000000000000000000 27.54000000000000270006
12018 19.20000000000000284217 0.00000000000000000000 29.16000000000000369482
12019 19.20000000000000284217 0.00000000000000000000 30.78000000000000113687
12020 19.20000000000000284217 0.00000000000000000000 32.40000000000000568434
12021 19.20000000000000284217 0.00000000000000000000 34.02000000000000312639
12022 19.20000000000000284217 0.00000000000000000000 35.64000000000000056843
12023 19.20000000000000284217 0.00000000000000000000 37.26000000000000511591
12024 19.20000000000000284217 0.00000000000000000000 38.88000000000000255795
12025 19.20000000000000284217 0.00000000000000000000 40.50000000000000000000
12026 19.20000000000000284217 0.00000000000000000000 42.12000000000000454747
12027 19.20000000000000284217 0.00000000000000000000 43.74000000000000198952
12028 19.20000000000000284217 0.00000000000000000000 45.35999999999999943157
12029 19.20000000000000284217 0.00000000000000000000 46.98000000000000397904
12030 19.20000000000000284217 0.00000000000000000000 48.60000000000000142109
12031 19.20000000000000284217 0.00000000000000000000 50.22000000000000596856
12032 19.20000000000000284217 0.00000000000000000000 51.84000000000000341061
12033 19.20000000000000284217 0.00000000000000000000 53.46000000000000085265
12034 19.20000000000000284217 0.00000000000000000000 55.08000000000000540012
13010 19.20000000000000284217 4.25000000000000000000 16.20000000000000284217
13011 19.20000000000000284217 4.25000000000000000000 17.82000000000000028422
13012 19.20000000000000284217 4.25000000000000000000 19.44000000000000127898
13013 19.20000000000000284217 4.25000000000000000000 21.06000000000000227374
13014 19.20000000000000284217 4.25000000000000000000 22.67999999999999971578
13015 19.20000000000000284217 4.25000000000000000000 24.30000000000000071054
13016 19.20000000000000284217 4.25000000000000000000 25.92000000000000170530
13017 19.20000000000000284217 4.25000000000000000000 27.54000000000000270006
13018 19.20000000000000284217 4.25000000000000000000 29.16000000000000369482
13019 19.20000000000000284217 4.25000000000000000000 30.78000000000000113687
13020 19.20000000000000284217 4.25000000000000000000 32.40000000000000568434
13021 19.20000000000000284217 4.25000000000000000000 34.02000000000000312639
13022 19.20000000000000284217 4.25000000000000000000 35.64000000000000056843
13023 19.20000000000000284217 4.25000000000000000000 37.26000000000000511591
13024 19.20000000000000284217 4.25000000000000000000 38.88000000000000255795
13025 19.20000000000000284217 4.25000000000000000000 40.50000000000000000000
13026 19.20000000000000284217 4.25000000000000000000 42.12000000000000454747
13027 19.20000000000000284217 4.25000000000000000000 43.74000000000000198952
13028 19.20000000000000284217 4.25000000000000000000 45.35999999999999943157
13029 19.20000000000000284217 4.25000000000000000000 46.98000000000000397904
13030 19.20000000000000284217 4.25000000000000000000 48.60000000000000142109
13031 19.20000000000000284217 4.25000000000000000000 50.22000000000000596856
13032 19.20000000000000284217 4.25000000000000000000 51.84000000000000341061
13033 19.20000000000000284217 4.25000000000000000000 53.46000000000000085265
13034 19.20000000000000284217 4.25000000000000000000 55.08000000000000540012
14010 19.20000000000000284217 6.79999999999999982236 16.20000000000000284217
14011 19.20000000000000284217 6.79999999999999982236 17.82000000000000028422
14012 19.20000000000000284217 6.79999999999999982236 19.44000000000000127898
14013 19.20000000000000284217 6.79999999999999982236 21.06000000000000227374
14014 19.20000000000000284217 6.79999999999999982236 22.67999999999999971578
14015 19.20000000000000284217 6.79999999999999982236 24.30000000000000071054
14016 19.20000000000000284217 6.79999999999999982236 25.92000000000000170530
14017 19.20000000000000284217 6.79999999999999982236 27.54000000000000270006
14018 19.20000000000000284217 6.79999999999999982236 29.16000000000000369482
14019 19.20000000000000284217 6.79999999999999982236 30.78000000000000113687
14020 19.20000000000000284217 6.79999999999999982236 32.40000000000000568434
14021 19.20000000000000284217 6.79999999999999982236 34.02000000000000312639
14022 19.20000000000000284217 6.79999999999999982236 35.64000000000000056843
14023 19.20000000000000284217 6.79999999999999982236 37.26000000000000511591
14024 19.20000000000000284217 6.79999999999999982236 38.88000000000000255795
14025 19.20000000000000284217 6.79999999999999982236 40.50000000000000000000
14026 19.20000000000000284217 6.79999999999999982236 42.12000000000000454747
14027 19.20000000000000284217 6.79999999999999982236 43.74000000000000198952
14028 19.20000000000000284217 6.79999999999999982236 45.35999999999999943157
14029 19.20000000000000284217 6.79999999999999982236 46.98000000000000397904
14030 19.20000000000000284217 6.79999999999999982236 48.60000000000000142109
14031 19.20000000000000284217 6.79999999999999982236 50.22000000000000596856
14032 19.20000000000000284217 6.79999999999999982236 51.84000000000000341061
14033 19.20000000000000284217 6.79999999999999982236 53.46000000000000085265
14034 19.20000000000000284217 6.79999999999999982236 55.08000000000000540012
15010 19.20000000000000284217 9.30000000000000071054 16.20000000000000284217
15011 19.20000000000000284217 9.30000000000000071054 17.82000000000000028422
15012 19.20000000000000284217 9.30000000000000071054 19.44000000000000127898
15013 19.20000000000000284217 9.30000000000000071054 21.06000000000000227374
15014 19.20000000000000284217 9.30000000000000071054 22.67999999999999971578
15015 19.20000000000000284217 9.30000000000000071054 24.30000000000000071054
15016 19.20000000000000284217 9.30000000000000071054 25.92000000000000170530
15017 19.20000000000000284217 9.30000000000000071054 27.54000000000000270006
15018 19.20000000000000284217 9.30000000000000071054 29.16000000000000369482
15019 19.20000000000000284217 9.30000000000000071054 30.78000000000000113687
15020 19.20000000000000284217 9.30000000000000071054 32.40000000000000568434
15021 19.20000000000000284217 9.30000000000000071054 34.02000000000000312639
15022 19.20000000000000284217 9.30000000000000071054 35.64000000000000056843
15023 19.20000000000000284217 9.30000000000000071054 37.26000000000000511591
15024 19.20000000000000284217 9.30000000000000071054 38.88000000000000255795
15025 19.20000000000000284217 9.30000000000000071054 40.50000000000000000000
15026 19.20000000000000284217 9.30000000000000071054 42.12000000000000454747
15027 19.20000000000000284217 9.30000000000000071054 43.74000000000000198952
15028 19.20000000000000284217 9.30000000000000071054 45.35999999999999943157
15029 19.20000000000000284217 9.30000000000000071054 46.98000000000000397904
15030 19.20000000000000284217 9.30000000000000071054 48.60000000000000142109
15031 19.20000000000000284217 9.30000000000000071054 50.22000000000000596856
15032 19.20000000000000284217 9.30000000000000071054 51.84000000000000341061
15033 19.20000000000000284217 9.30000000000000071054 53.46000000000000085265
15034 19.20000000000000284217 9.30000000000000071054 55.08000000000000540012
16010 19.20000000000000284217 9.30000000000000071054 16.20000000000000284217
16011 19.20000000000000284217 9.30000000000000071054 17.82000000000000028422
16012 19.20000000000000284217 9.30000000000000071054 19.44000000000000127898
16013 19.20000000000000284217 9.30000000000000071054 21.06000000000000227374
16014 19.20000000000000284217 9.30000000000000071054 22.67999999999999971578
16015 19.20000000000000284217 9.30000000000000071054 24.30000000000000071054
16016 19.20000000000000284217 9.30000000000000071054 25.92000000000000170530
16017 19.20000000000000284217 9.30000000000000071054 27.54000000000000270006
16018 19.20000000000000284217 9.30000000000000071054 29.16000000000000369482
16019 19.20000000000000284217 9.30000000000000071054 30.78000000000000113687
16020 19.20000000000000284217 9.30000000000000071054 32.40000000000000568434
16021 19.20000000000000284217 9.30000000000000071054 34.02000000000000312639
16022 19.20000000000000284217 9.30000000000000071054 35.64000000000000056843
16023 19.20000000000000284217 9.30000000000000071054 37.26000000000000511591
16024 19.20000000000000284217 9.30000000000000071054 38.88000000000000255795
16025 19.20000000000000284217 9.30000000000000071054 40.50000000000000000000
16026 19.20000000000000284217 9.30000000000000071054 42.12000000000000454747
16027 19.20000000000000284217 9.30000000000000071054 43.74000000000000198952
16028 19.20000000000000284217 9.30000000000000071054 45.35999999999999943157
16029 19.20000000000000284217 9.30000000000000071054 46.98000000000000397904
16030 19.20000000000000284217 9.30000000000000071054 48.60000000000000142109
16031 19.20000000000000284217 9.30000000000000071054 50.22000000000000596856
16032 19.20000000000000284217 9.30000000000000071054 51.84000000000000341061
16033 19.20000000000000284217 9.30000000000000071054 53.46000000000000085265
16034 19.20000000000000284217 9.30000000000000071054 55.08000000000000540012
17010 29.60000000000000142109 0.00000000000000000000 16.20000000000000284217
17011 29.60000000000000142109 0.00000000000000000000 17.82000000000000028422
17012 29.60000000000000142109 0.00000000000000000000 19.44000000000000127898
17013 29.60000000000000142109 0.00000000000000000000 21.06000000000000227374
17014 29.60000000000000142109 0.00000000000000000000 22.67999999999999971578
17015 29.60000000000000142109 0.00000000000000000000 24.30000000000000071054
17016 29.60000000000000142109 0.00000000000000000000 25.92000000000000170530
17017 29.60000000000000142109 0.00000000000000000000 27.54000000000000270006
17018 29.60000000000000142109 0.00000000000000000000 29.16000000000000369482
17019 29.60000000000000142109 0.00000000000000000000 30.78000000000000113687
17020 29.60000000000000142109 0.00000000000000000000 32.40000000000000568434
17021 29.60000000000000142109 0.00000000000000000000 34.02000000000000312639
17022 29.60000000000000142109 0.00000000000000000000 35.64000000000000056843
17023 29.60000000000000142109 0.00000000000000000000 37.26000000000000511591
17024 29.60000000000000142109 0.00000000000000000000 38.88000000000000255795
17025 29.60000000000000142109 0.00000000000000000000 40.50000000000000000000
17026 29.60000000000000142109 0.00000000000000000000 42.12000000000000454747
17027 29.60000000000000142109 0.00000000000000000000 43.74000000000000198952
17028 29.60000000000000142109 0.00000000000000000000 45.35999999999999943157
17029 29.60000000000000142109 0.00000000000000000000 46.98000000000000397904
17030 29.60000000000000142109 0.00000000000000000000 48.60000000000000142109
17031 29.60000000000000142109 0.00000000000000000000 50.22000000000000596856
17032 29.60000000000000142109 0.00000000000000000000 51.84000000000000341061
17033 29.60000000000000142109 0.00000000000000000000 53.46000000000000085265
17034 29.60000000000000142109 0.00000000000000000000 55.08000000000000540012
18010 29.60000000000000142109 2.50000000000000000000 16.20000000000000284217
18011 29.60000000000000142109 2.50000000000000000000 17.82000000000000028422
18012 29.60000000000000142109 2.50000000000000000000 19.44000000000000127898
18013 29.60000000000000142109 2.50000000000000000000 21.06000000000000227374
18014 29.60000000000000142109 2.50000000000000000000 22.67999999999999971578
18015 29.60000000000000142109 2.50000000000000000000 24.30000000000000071054
18016 29.60000000000000142109 2.50000000000000000000 25.92000000000000170530
18017 29.60000000000000142109 2.50000000000000000000 27.54000000000000270006
18018 29.60000000000000142109 2.50000000000000000000 29.16000000000000369482
18019 29.60000000000000142109 2.50000000000000000000 30.78000000000000113687
18020 29.60000000000000142109 2.50000000000000000000 32.40000000000000568434
18021 29.60000000000000142109 2.50000000000000000000 34.02000000000000312639
18022 29.60000000000000142109 2.50000000000000000000 35.64000000000000056843
18023 29.60000000000000142109 2.50000000000000000000 37.26000000000000511591
18024 29.60000000000000142109 2.50000000000000000000 38.88000000000000255795
18025 29.60000000000000142109 2.50000000000000000000 40.50000000000000000000
18026 29.60000000000000142109 2.50000000000000000000 42.12000000000000454747
18027 29.60000000000000142109 2.50000000000000000000 43.74000000000000198952
18028 29.60000000000000142109 2.50000000000000000000 45.35999999999999943157
18029 29.60000000000000142109 2.50000000000000000000 46.98000000000000397904
18030 29.60000000000000142109 2.50000000000000000000 48.60000000000000142109
18031 29.60000000000000142109 2.50000000000000000000 50.22000000000000596856
18032 29.60000000000000142109 2.50000000000000000000 51.84000000000000341061
18033 29.60000000000000142109 2.50000000000000000000 53.46000000000000085265
18034 29.60000000000000142109 2.50000000000000000000 55.08000000000000540012
19010 29.60000000000000142109 6.79999999999999982236 16.20000000000000284217
19011 29.60000000000000142109 6.79999999999999982236 17.82000000000000028422
19012 29.60000000000000142109 6.79999999999999982236 19.44000000000000127898
19013 29.60000000000000142109 6.79999999999999982236 21.06000000000000227374
19014 29.60000000000000142109 6.79999999999999982236 22.67999999999999971578
19015 29.60000000000000142109 6.79999999999999982236 24.30000000000000071054
19016 29.60000000000000142109 6.79999999999999982236 25.92000000000000170530
19017 29.60000000000000142109 6.79999999999999982236 27.54000000000000270006
19018 29.60000000000000142109 6.79999999999999982236 29.16000000000000369482
19019 29.60000000000000142109 6.79999999999999982236 30.78000000000000113687
19020 29.60000000000000142109 6.79999999999999982236 32.40000000000000568434
19021 29.60000000000000142109 6.79999999999999982236 34.02000000000000312639
19022 29.60000000000000142109 6.79999999999999982236 35.64000000000000056843
19023 29.60000000000000142109 6.79999999999999982236 37.26000000000000511591
19024 29.60000000000000142109 6.79999999999999982236 38.88000000000000255795
19025 29.60000000000000142109 6.79999999999999982236 40.50000000000000000000
19026 29.60000000000000142109 6.79999999999999982236 42.12000000000000454747
19027 29.60000000000000142109 6.79999999999999982236 43.74000000000000198952
19028 29.60000000000000142109 6.79999999999999982236 45.35999999999999943157
19029 29.60000000000000142109 6.79999999999999982236 46.98000000000000397904
19030 29.60000000000000142109 6.79999999999999982236 48.60000000000000142109
19031 29.60000000000000142109 6.79999999999999982236 50.22000000000000596856
19032 29.60000000000000142109 6.79999999999999982236 51.84000000000000341061
19033 29.60000000000000142109 6.79999999999999982236 53.46000000000000085265
19034 29.60000000000000142109 6.79999999999999982236 55.08000000000000540012
20010 29.60000000000000142109 9.30000000000000071054 16.20000000000000284217
20011 29.60000000000000142109 9.30000000000000071054 17.82000000000000028422
20012 29.60000000000000142109 9.30000000000000071054 19.44000000000000127898
20013 29.60000000000000142109 9.30000000000000071054 21.06000000000000227374
20014 29.60000000000000142109 9.30000000000000071054 22.67999999999999971578
20015 29.60000000000000142109 9.30000000000000071054 24.30000000000000071054
20016 29.60000000000000142109 9.30000000000000071054 25.92000000000000170530
20017 29.60000000000000142109 9.30000000000000071054 27.54000000000000270006
20018 29.60000000000000142109 9.30000000000000071054 29.16000000000000369482
20019 29.60000000000000142109 9.30000000000000071054 30.78000000000000113687
20020 29.60000000000000142109 9.30000000000000071054 32.40000000000000568434
20021 29.60000000000000142109 9.30000000000000071054 34.02000000000000312639
20022 29.60000000000000142109 9.30000000000000071054 35.64000000000000056843
20023 29.60000000000000142109 9.30000000000000071054 37.26000000000000511591
20024 29.60000000000000142109 9.30000000000000071054 38.88000000000000255795
20025 29.60000000000000142109 9.30000000000000071054 40.50000000000000000000
20026 29.60000000000000142109 9.30000000000000071054 42.12000000000000454747
20027 29.60000000000000142109 9.30000000000000071054 43.74000000000000198952
20028 29.60000000000000142109 9.30000000000000071054 45.35999999999999943157
20029 29.60000000000000142109 9.30000000000000071054 46.98000000000000397904
20030 29.60000000000000142109 9.30000000000000071054 48.60000000000000142109
20031 29.60000000000000142109 9.30000000000000071054 50.22000000000000596856
20032 29.60000000000000142109 9.30000000000000071054 51.84000000000000341061
20033 29.60000000000000142109 9.30000000000000071054 53.46000000000000085265
20034 29.60000000000000142109 9.30000000000000071054 55.08000000000000540012
41010 0.00000000000000000000 -6.90000000000000035527 16.20000000000000284217
41011 0.00000000000000000000 -6.90000000000000035527 17.82000000000000028422
41012 0.00000000000000000000 -6.90000000000000035527 19.44000000000000127898
41013 0.00000000000000000000 -6.90000000000000035527 21.06000000000000227374
41014 0.00000000000000000000 -6.90000000000000035527 22.67999999999999971578
41015 0.00000000000000000000 -6.90000000000000035527 24.30000000000000071054
41016 0.00000000000000000000 -6.90000000000000035527 25.92000000000000170530
41017 0.00000000000000000000 -6.90000000000000035527 27.54000000000000270006
41018 0.00000000000000000000 -6.90000000000000035527 29.16000000000000369482
41019 0.00000000000000000000 -6.90000000000000035527 30.78000000000000113687
41020 0.00000000000000000000 -6.90000000000000035527 32.40000000000000568434
41021 0.00000000000000000000 -6.90000000000000035527 34.02000000000000312639
41022 0.00000000000000000000 -6.90000000000000035527 35.64000000000000056843
41023 0.00000000000000000000 -6.90000000000000035527 37.26000000000000511591
41024 0.00000000000000000000 -6.90000000000000035527 38.88000000000000255795
41025 0.00000000000000000000 -6.90000000000000035527 40.50000000000000000000
41026 0.00000000000000000000 -6.90000000000000035527 42.12000000000000454747
41027 0.00000000000000000000 -6.90000000000000035527 43.74000000000000198952
41028 0.00000000000000000000 -6.90000000000000035527 45.35999999999999943157
41029 0.00000000000000000000 -6.90000000000000035527 46.98000000000000397904
41030 0.00000000000000000000 -6.90000000000000035527 48.60000000000000142109
41031 0.00000000000000000000 -6.90000000000000035527 50.22000000000000596856
41032 0.00000000000000000000 -6.90000000000000035527 51.84000000000000341061
41033 0.00000000000000000000 -6.90000000000000035527 53.46000000000000085265
41034 0.00000000000000000000 -6.90000000000000035527 55.08000000000000540012
42010 10.40000000000000035527 -6.90000000000000035527 16.20000000000000284217
42011 10.40000000000000035527 -6.90000000000000035527 17.82000000000000028422
42012 10.40000000000000035527 -6.90000000000000035527 19.44000000000000127898
42013 10.40000000000000035527 -6.90000000000000035527 21.06000000000000227374
42014 10.40000000000000035527 -6.90000000000000035527 22.67999999999999971578
42015 10.40000000000000035527 -6.90000000000000035527 24.30000000000000071054
42016 10.40000000000000035527 -6.90000000000000035527 25.92000000000000170530
42017 10.40000000000000035527 -6.90000000000000035527 27.54000000000000270006
42018 10.40000000000000035527 -6.90000000000000035527 29.16000000000000369482
42019 10.40000000000000035527 -6.90000000000000035527 30.78000000000000113687
42020 10.40000000000000035527 -6.90000000000000035527 32.40000000000000568434
42021 10.40000000000000035527 -6.90000000000000035527 34.02000000000000312639
42022 10.40000000000000035527 -6.90000000000000035527 35.64000000000000056843
42023 10.40000000000000035527 -6.90000000000000035527 37.26000000000000511591
42024 10.40000000000000035527 -6.90000000000000035527 38.88000000000000255795
42025 10.40000000000000035527 -6.90000000000000035527 40.50000000000000000000
42026 10.40000000000000035527 -6.90000000000000035527 42.12000000000000454747
42027 10.40000000000000035527 -6.90000000000000035527 43.74000000000000198952
42028 10.40000000000000035527 -6.90000000000000035527 45.35999999999999943157
42029 10.40000000000000035527 -6.90000000000000035527 46.98000000000000397904
42030 10.40000000000000035527 -6.90000000000000035527 48.60000000000000142109
42031 10.40000000000000035527 -6.90000000000000035527 50.22000000000000596856
42032 10.40000000000000035527 -6.90000000000000035527 51.84000000000000341061
42033 10.40000000000000035527 -6.90000000000000035527 53.46000000000000085265
42034 10.40000000000000035527 -6.90000000000000035527 55.08000000000000540012
43010 19.20000000000000284217 -6.90000000000000035527 16.20000000000000284217
43011 19.20000000000000284217 -6.90000000000000035527 17.82000000000000028422
43012 19.20000000000000284217 -6.90000000000000035527 19.44000000000000127898
43013 19.20000000000000284217 -6.90000000000000035527 21.06000000000000227374
43014 19.20000000000000284217 -6.90000000000000035527 22.67999999999999971578
43015 19.20000000000000284217 -6.90000000000000035527 24.30000000000000071054
43016 19.20000000000000284217 -6.90000000000000035527 25.92000000000000170530
43017 19.20000000000000284217 -6.90000000000000035527 27.54000000000000270006
43018 19.20000000000000284217 -6.90000000000000035527 29.16000000000000369482
43019 19.20000000000000284217 -6.90000000000000035527 30.78000000000000113687
43020 19.20000000000000284217 -6.90000000000000035527 32.40000000000000568434
43021 19.20000000000000284217 -6.90000000000000035527 34.02000000000000312639
43022 19.20000000000000284217 -6.90000000000000035527 35.64000000000000056843
43023 19.20000000000000284217 -6.90000000000000035527 37.26000000000000511591
43024 19.20000000000000284217 -6.90000000000000035527 38.88000000000000255795
43025 19.20000000000000284217 -6.90000000000000035527 40.50000000000000000000
43026 19.20000000000000284217 -6.90000000000000035527 42.12000000000000454747
43027 19.20000000000000284217 -6.90000000000000035527 43.74000000000000198952
43028 19.20000000000000284217 -6.90000000000000035527 45.35999999999999943157
43029 19.20000000000000284217 -6.90000000000000035527 46.98000000000000397904
43030 19.20000000000000284217 -6.90000000000000035527 48.60000000000000142109
43031 19.20000000000000284217 -6.90000000000000035527 50.22000000000000596856
43032 19.20000000000000284217 -6.90000000000000035527 51.84000000000000341061
43033 19.20000000000000284217 -6.90000000000000035527 53.46000000000000085265
43034 19.20000000000000284217 -6.90000000000000035527 55.08000000000000540012
44010 29.60000000000000142109 -6.90000000000000035527 16.20000000000000284217
44011 29.60000000000000142109 -6.90000000000000035527 17.82000000000000028422
44012 29.60000000000000142109 -6.90000000000000035527 19.44000000000000127898
44013 29.60000000000000142109 -6.90000000000000035527 21.06000000000000227374
44014 29.60000000000000142109 -6.90000000000000035527 22.67999999999999971578
44015 29.60000000000000142109 -6.90000000000000035527 24.30000000000000071054
44016 29.60000000000000142109 -6.90000000000000035527 25.92000000000000170530
44017 29.60000000000000142109 -6.90000000000000035527 27.54000000000000270006
44018 29.60000000000000142109 -6.90000000000000035527 29.16000000000000369482
44019 29.60000000000000142109 -6.90000000000000035527 30.78000000000000113687
44020 29.60000000000000142109 -6.90000000000000035527 32.40000000000000568434
44021 29.60000000000000142109 -6.90000000000000035527 34.02000000000000312639
44022 29.60000000000000142109 -6.90000000000000035527 35.64000000000000056843
44023 29.60000000000000142109 -6.90000000000000035527 37.26000000000000511591
44024 29.60000000000000142109 -6.90000000000000035527 38.88000000000000255795
44025 29.60000000000000142109 -6.90000000000000035527 40.50000000000000000000
44026 29.60000000000000142109 -6.90000000000000035527 42.12000000000000454747
44027 29.60000000000000142109 -6.90000000000000035527 43.74000000000000198952
44028 29.60000000000000142109 -6.90000000000000035527 45.35999999999999943157
44029 29.60000000000000142109 -6.90000000000000035527 46.98000000000000397904
44030 29.60000000000000142109 -6.90000000000000035527 48.60000000000000142109
44031 29.60000000000000142109 -6.90000000000000035527 50.22000000000000596856
44032 29.60000000000000142109 -6.90000000000000035527 51.84000000000000341061
44033 29.60000000000000142109 -6.90000000000000035527 53.46000000000000085265
44034 29.60000000000000142109 -6.90000000000000035527 55.08000000000000540012
45010 0.00000000000000000000 16.20000000000000284217 16.20000000000000284217
45011 0.00000000000000000000 16.20000000000000284217 17.82000000000000028422
45012 0.00000000000000000000 16.20000000000000284217 19.44000000000000127898
45013 0.00000000000000000000 16.20000000000000284217 21.06000000000000227374
45014 0.00000000000000000000 16.20000000000000284217 22.67999999999999971578
45015 0.00000000000000000000 16.20000000000000284217 24.30000000000000071054
45016 0.00000000000000000000 16.20000000000000284217 25.92000000000000170530
45017 0.00000000000000000000 16.20000000000000284217 27.54000000000000270006
45018 0.00000000000000000000 16.20000000000000284217 29.16000000000000369482
45019 0.00000000000000000000 16.20000000000000284217 30.78000000000000113687
45020 0.00000000000000000000 16.20000000000000284217 32.40000000000000568434
45021 0.00000000000000000000 16.20000000000000284217 34.02000000000000312639
45022 0.00000000000000000000 16.20000000000000284217 35.64000000000000056843
45023 0.00000000000000000000 16.20000000000000284217 37.26000000000000511591
45024 0.00000000000000000000 16.20000000000000284217 38.88000000000000255795
45025 0.00000000000000000000 16.20000000000000284217 40.50000000000000000000
45026 0.00000000000000000000 16.20000000000000284217 42.12000000000000454747
45027 0.00000000000000000000 16.20000000000000284217 43.74000000000000198952
45028 0.00000000000000000000 16.20000000000000284217 45.35999999999999943157
45029 0.00000000000000000000 16.20000000000000284217 46.98000000000000397904
45030 0.00000000000000000000 16.20000000000000284217 48.60000000000000142109
45031 0.00000000000000000000 16.20000000000000284217 50.22000000000000596856
45032 0.00000000000000000000 16.20000000000000284217 51.84000000000000341061
45033 0.00000000000000000000 16.20000000000000284217 53.46000000000000085265
45034 0.00000000000000000000 16.20000000000000284217 55.08000000000000540012
46010 10.40000000000000035527 16.20000000000000284217 16.20000000000000284217
46011 10.40000000000000035527 16.20000000000000284217 17.82000000000000028422
46012 10.40000000000000035527 16.20000000000000284217 19.44000000000000127898
46013 10.40000000000000035527 16.20000000000000284217 21.06000000000000227374
46014 10.40000000000000035527 16.20000000000000284217 22.67999999999999971578
46015 10.40000000000000035527 16.20000000000000284217 24.30000000000000071054
46016 10.40000000000000035527 16.20000000000000284217 25.92000000000000170530
46017 10.40000000000000035527 16.20000000000000284217 27.54000000000000270006
46018 10.40000000000000035527 16.20000000000000284217 29.16000000000000369482
46019 10.40000000000000035527 16.20000000000000284217 30.78000000000000113687
46020 10.40000000000000035527 16.20000000000000284217 32.40000000000000568434
46021 10.40000000000000035527 16.20000000000000284217 34.02000000000000312639
46022 10.40000000000000035527 16.20000000000000284217 35.64000000000000056843
46023 10.40000000000000035527 16.20000000000000284217 37.26000000000000511591
46024 10.40000000000000035527 16.20000000000000284217 38.88000000000000255795
46025 10.40000000000000035527 16.20000000000000284217 40.50000000000000000000
46026 10.40000000000000035527 16.20000000000000284217 42.12000000000000454747
46027 10.40000000000000035527 16.20000000000000284217 43.74000000000000198952
46028 10.40000000000000035527 16.20000000000000284217 45.35999999999999943157
46029 10.40000000000000035527 16.20000000000000284217 46.98000000000000397904
46030 10.40000000000000035527 16.20000000000000284217 48.60000000000000142109
46031 10.40000000000000035527 16.20000000000000284217 50.22000000000000596856
46032 10.40000000000000035527 16.20000000000000284217 51.84000000000000341061
46033 10.40000000000000035527 16.20000000000000284217 53.46000000000000085265
46034 10.40000000000000035527 16.20000000000000284217 55.08000000000000540012
47010 19.20000000000000284217 16.20000000000000284217 16.20000000000000284217
47011 19.20000000000000284217 16.20000000000000284217 17.82000000000000028422
47012 19.20000000000000284217 16.20000000000000284217 19.44000000000000127898
47013 19.20000000000000284217 16.20000000000000284217 21.06000000000000227374
47014 19.20000000000000284217 16.20000000000000284217 22.67999999999999971578
47015 19.20000000000000284217 16.20000000000000284217 24.30000000000000071054
47016 19.20000000000000284217 16.20000000000000284217 25.92000000000000170530
47017 19.20000000000000284217 16.20000000000000284217 27.54000000000000270006
47018 19.20000000000000284217 16.20000000000000284217 29.16000000000000369482
47019 19.20000000000000284217 16.20000000000000284217 30.78000000000000113687
47020 19.20000000000000284217 16.20000000000000284217 32.40000000000000568434
47021 19.20000000000000284217 16.20000000000000284217 34.02000000000000312639
47022 19.20000000000000284217 16.20000000000000284217 35.64000000000000056843
47023 19.20000000000000284217 16.20000000000000284217 37.26000000000000511591
47024 19.20000000000000284217 16.20000000000000284217 38.88000000000000255795
47025 19.20000000000000284217 16.20000000000000284217 40.50000000000000000000
47026 19.20000000000000284217 16.20000000000000284217 42.12000000000000454747
47027 19.20000000000000284217 16.20000000000000284217 43.74000000000000198952
47028 19.20000000000000284217 16.20000000000000284217 45.35999999999999943157
47029 19.20000000000000284217 16.20000000000000284217 46.98000000000000397904
47030 19.20000000000000284217 16.20000000000000284217 48.60000000000000142109
47031 19.20000000000000284217 16.20000000000000284217 50.22000000000000596856
47032 19.20000000000000284217 16.20000000000000284217 51.84000000000000341061
47033 19.20000000000000284217 16.20000000000000284217 53.46000000000000085265
47034 19.20000000000000284217 16.20000000000000284217 55.08000000000000540012
48010 29.60000000000000142109 16.20000000000000284217 16.20000000000000284217
48011 29.60000000000000142109 16.20000000000000284217 17.82000000000000028422
48012 29.60000000000000142109 16.20000000000000284217 19.44000000000000127898
48013 29.60000000000000142109 16.20000000000000284217 21.06000000000000227374
48014 29.60000000000000142109 16.20000000000000284217 22.67999999999999971578
48015 29.60000000000000142109 16.20000000000000284217 24.30000000000000071054
48016 29.60000000000000142109 16.20000000000000284217 25.92000000000000170530
48017 29.60000000000000142109 16.20000000000000284217 27.54000000000000270006
48018 29.60000000000000142109 16.20000000000000284217 29.16000000000000369482
48019 29.60000000000000142109 16.20000000000000284217 30.78000000000000113687
48020 29.60000000000000142109 16.20000000000000284217 32.40000000000000568434
48021 29.60000000000000142109 16.20000000000000284217 34.02000000000000312639
48022 29.60000000000000142109 16.20000000000000284217 35.64000000000000056843
48023 29.60000000000000142109 16.20000000000000284217 37.26000000000000511591
48024 29.60000000000000142109 16.20000000000000284217 38.88000000000000255795
48025 29.60000000000000142109 16.20000000000000284217 40.50000000000000000000
48026 29.60000000000000142109 16.20000000000000284217 42.12000000000000454747
48027 29.60000000000000142109 16.20000000000000284217 43.74000000000000198952
48028 29.60000000000000142109 16.20000000000000284217 45.35999999999999943157
48029 29.60000000000000142109 16.20000000000000284217 46.98000000000000397904
48030 29.60000000000000142109 16.20000000000000284217 48.60000000000000142109
48031 29.60000000000000142109 16.20000000000000284217 50.22000000000000596856
48032 29.60000000000000142109 16.20000000000000284217 51.84000000000000341061
48033 29.60000000000000142109 16.20000000000000284217 53.46000000000000085265
48034 29.60000000000000142109 16.20000000000000284217 55.08000000000000540012
